1    6    6    13   17     0
2    6    7    13   6     0
3    6    11    13   15     0
4    6    12    8   20     0
5    7    6    11   7     0
6    7    7    11   1     0
7    7    11    10   19     0
8    7    12    13   17     0
9    8    6    13   14     0
10    8    7    8   8     0
11    8    11    11   1     0
12    8    12    11   1     0
13    9    6    8   8     0
14    9    7    7   16     0
15    9    11    8   8     0
16    9    12    13   15     0
17    10    6    8   8     0
18    10    7    13   14     0
19    10    11    11   1     0
20    10    12    13   14     0
21    11    6    8   8     0
22    11    7    13   6     0
23    11    11    13   17     0
24    11    12    8   11     0
25    12    6    7   12     0
26    12    7    8   11     0
27    12    11    8   11     0
28    12    12    13   15     0
29    13    6    8   20     0
30    13    7    7   10     0
31    13    11    10   19     0
32    13    12    9   18     0
33    14    6    8   11     0
34    14    7    16   3     0
35    14    11    8   5     0
36    14    12    11   2     0
37    15    6    7   16     0
38    15    7    11   1     0
39    15    11    10   19     0
40    15    12    8   5     0
41    16    6    8   11     0
42    16    7    13   15     0
43    16    11    11   1     0
44    16    12    5   9     0
45    17    6    5   9     0
46    17    7    13   17     0
47    17    11    10   19     0
48    17    12    11   2     0
49    6    20    11   4     0
50    6    21    11   2     0
51    6    25    11   4     0
52    6    26    11   4     0
53    7    20    13   17     0
54    7    21    7   10     0
55    7    25    13   14     0
56    7    26    16   3     0
57    8    20    16   3     0
58    8    21    8   8     0
59    8    25    11   7     0
60    8    26    11   1     0
61    9    20    8   20     0
62    9    21    11   4     0
63    9    25    7   10     0
64    9    26    11   7     0
65    10    20    11   7     0
66    10    21    7   10     0
67    10    25    11   2     0
68    10    26    8   8     0
69    11    20    7   16     0
70    11    21    10   19     0
71    11    25    10   19     0
72    11    26    7   12     0
73    12    20    11   4     0
74    12    21    9   18     0
75    12    25    11   7     0
76    12    26    13   15     0
77    13    20    11   2     0
78    13    21    8   20     0
79    13    25    8   11     0
80    13    26    11   7     0
81    14    20    8   5     0
82    14    21    9   18     0
83    14    25    11   2     0
84    14    26    9   13     0
85    15    20    11   7     0
86    15    21    7   12     0
87    15    25    7   12     0
88    15    26    13   14     0
89    16    20    8   20     0
90    16    21    11   1     0
91    16    25    10   19     0
92    16    26    13   6     0
93    17    20    8   11     0
94    17    21    10   19     0
95    17    25    8   5     0
96    17    26    7   10     0
97    6    34    8   20     0
98    6    35    8   11     0
99    6    39    13   14     0
100    6    40    8   11     0
101    7    34    7   10     0
102    7    35    8   11     0
103    7    39    13   17     0
104    7    40    10   19     0
105    8    34    13   14     0
106    8    35    9   13     0
107    8    39    8   11     0
108    8    40    8   5     0
109    9    34    8   8     0
110    9    35    11   4     0
111    9    39    13   15     0
112    9    40    16   3     0
113    10    34    7   16     0
114    10    35    7   10     0
115    10    39    8   5     0
116    10    40    8   5     0
117    11    34    11   1     0
118    11    35    13   15     0
119    11    39    5   9     0
120    11    40    13   6     0
121    12    34    11   2     0
122    12    35    9   13     0
123    12    39    11   1     0
124    12    40    9   13     0
125    13    34    13   14     0
126    13    35    16   3     0
127    13    39    13   15     0
128    13    40    13   14     0
129    14    34    8   20     0
130    14    35    13   14     0
131    14    39    13   17     0
132    14    40    7   16     0
133    15    34    8   8     0
134    15    35    11   7     0
135    15    39    10   19     0
136    15    40    7   16     0
137    16    34    5   9     0
138    16    35    5   9     0
139    16    39    7   12     0
140    16    40    11   7     0
141    17    34    9   13     0
142    17    35    13   14     0
143    17    39    13   15     0
144    17    40    8   20     0
145    6    48    9   13     0
146    6    49    11   1     0
147    6    53    5   9     0
148    6    54    9   18     0
149    7    48    11   2     0
150    7    49    9   13     0
151    7    53    8   11     0
152    7    54    9   13     0
153    8    48    13   17     0
154    8    49    11   4     0
155    8    53    9   13     0
156    8    54    10   19     0
157    9    48    10   19     0
158    9    49    10   19     0
159    9    53    11   2     0
160    9    54    11   4     0
161    10    48    13   14     0
162    10    49    11   1     0
163    10    53    11   2     0
164    10    54    13   6     0
165    11    48    11   4     0
166    11    49    16   3     0
167    11    53    13   6     0
168    11    54    9   18     0
169    12    48    7   10     0
170    12    49    10   19     0
171    12    53    8   8     0
172    12    54    16   3     0
173    13    48    11   4     0
174    13    49    13   17     0
175    13    53    8   5     0
176    13    54    11   7     0
177    14    48    7   16     0
178    14    49    7   10     0
179    14    53    11   4     0
180    14    54    7   12     0
181    15    48    9   18     0
182    15    49    11   4     0
183    15    53    16   3     0
184    15    54    9   18     0
185    16    48    7   10     0
186    16    49    7   16     0
187    16    53    8   5     0
188    16    54    13   6     0
189    17    48    13   17     0
190    17    49    8   20     0
191    17    53    13   14     0
192    17    54    13   6     0
193    6    62    7   12     0
194    6    63    7   12     0
195    6    67    10   19     0
196    6    68    11   1     0
197    7    62    11   1     0
198    7    63    7   16     0
199    7    67    11   7     0
200    7    68    13   14     0
201    8    62    11   7     0
202    8    63    9   13     0
203    8    67    8   20     0
204    8    68    9   18     0
205    9    62    8   11     0
206    9    63    13   14     0
207    9    67    11   4     0
208    9    68    8   20     0
209    10    62    13   15     0
210    10    63    8   11     0
211    10    67    13   14     0
212    10    68    9   18     0
213    11    62    8   8     0
214    11    63    11   7     0
215    11    67    8   8     0
216    11    68    11   7     0
217    12    62    8   5     0
218    12    63    11   2     0
219    12    67    11   2     0
220    12    68    11   7     0
221    13    62    9   13     0
222    13    63    13   17     0
223    13    67    8   20     0
224    13    68    11   1     0
225    14    62    9   13     0
226    14    63    5   9     0
227    14    67    11   2     0
228    14    68    13   14     0
229    15    62    11   7     0
230    15    63    11   1     0
231    15    67    7   10     0
232    15    68    8   11     0
233    16    62    11   1     0
234    16    63    13   14     0
235    16    67    5   9     0
236    16    68    16   3     0
237    17    62    13   17     0
238    17    63    8   11     0
239    17    67    7   16     0
240    17    68    11   4     0
241    6    76    11   7     0
242    6    77    9   13     0
243    6    81    11   7     0
244    6    82    10   19     0
245    7    76    11   2     0
246    7    77    13   14     0
247    7    81    13   14     0
248    7    82    11   7     0
249    8    76    9   13     0
250    8    77    13   6     0
251    8    81    8   8     0
252    8    82    13   14     0
253    9    76    9   13     0
254    9    77    13   15     0
255    9    81    11   1     0
256    9    82    7   16     0
257    10    76    11   1     0
258    10    77    13   6     0
259    10    81    11   7     0
260    10    82    13   6     0
261    11    76    13   15     0
262    11    77    13   14     0
263    11    81    9   13     0
264    11    82    8   8     0
265    12    76    11   1     0
266    12    77    8   8     0
267    12    81    10   19     0
268    12    82    7   16     0
269    13    76    13   17     0
270    13    77    9   13     0
271    13    81    11   1     0
272    13    82    9   13     0
273    14    76    5   9     0
274    14    77    8   5     0
275    14    81    11   4     0
276    14    82    8   8     0
277    15    76    7   10     0
278    15    77    11   4     0
279    15    81    11   2     0
280    15    82    16   3     0
281    16    76    7   12     0
282    16    77    11   1     0
283    16    81    8   20     0
284    16    82    5   9     0
285    17    76    16   3     0
286    17    77    13   15     0
287    17    81    8   5     0
288    17    82    7   12     0
289    25    6    8   20     0
290    25    7    7   12     0
291    25    11    8   5     0
292    25    12    11   2     0
293    26    6    13   14     0
294    26    7    8   20     0
295    26    11    7   10     0
296    26    12    16   3     0
297    27    6    13   6     0
298    27    7    7   12     0
299    27    11    13   14     0
300    27    12    11   2     0
301    28    6    13   6     0
302    28    7    7   12     0
303    28    11    11   7     0
304    28    12    8   11     0
305    29    6    9   18     0
306    29    7    13   15     0
307    29    11    11   4     0
308    29    12    7   10     0
309    30    6    7   16     0
310    30    7    9   18     0
311    30    11    9   18     0
312    30    12    11   7     0
313    31    6    11   4     0
314    31    7    11   4     0
315    31    11    11   7     0
316    31    12    7   16     0
317    32    6    11   7     0
318    32    7    11   4     0
319    32    11    7   10     0
320    32    12    9   18     0
321    33    6    8   8     0
322    33    7    13   14     0
323    33    11    7   10     0
324    33    12    11   7     0
325    34    6    11   4     0
326    34    7    13   15     0
327    34    11    11   2     0
328    34    12    11   7     0
329    35    6    11   2     0
330    35    7    13   14     0
331    35    11    8   11     0
332    35    12    11   2     0
333    36    6    16   3     0
334    36    7    8   8     0
335    36    11    16   3     0
336    36    12    11   4     0
337    25    20    8   8     0
338    25    21    8   8     0
339    25    25    8   8     0
340    25    26    8   11     0
341    26    20    13   14     0
342    26    21    13   6     0
343    26    25    11   4     0
344    26    26    16   3     0
345    27    20    11   2     0
346    27    21    11   2     0
347    27    25    13   6     0
348    27    26    8   5     0
349    28    20    8   20     0
350    28    21    8   5     0
351    28    25    8   11     0
352    28    26    16   3     0
353    29    20    11   4     0
354    29    21    7   10     0
355    29    25    11   1     0
356    29    26    7   12     0
357    30    20    8   20     0
358    30    21    9   13     0
359    30    25    11   2     0
360    30    26    11   7     0
361    31    20    16   3     0
362    31    21    13   6     0
363    31    25    13   14     0
364    31    26    7   12     0
365    32    20    13   15     0
366    32    21    7   12     0
367    32    25    8   11     0
368    32    26    8   11     0
369    33    20    8   8     0
370    33    21    16   3     0
371    33    25    8   20     0
372    33    26    13   17     0
373    34    20    7   12     0
374    34    21    11   1     0
375    34    25    11   4     0
376    34    26    11   1     0
377    35    20    5   9     0
378    35    21    13   15     0
379    35    25    10   19     0
380    35    26    11   1     0
381    36    20    11   4     0
382    36    21    8   5     0
383    36    25    7   12     0
384    36    26    13   17     0
385    25    34    11   2     0
386    25    35    8   20     0
387    25    39    8   5     0
388    25    40    11   7     0
389    26    34    7   16     0
390    26    35    13   15     0
391    26    39    13   6     0
392    26    40    7   12     0
393    27    34    8   20     0
394    27    35    11   2     0
395    27    39    9   18     0
396    27    40    9   18     0
397    28    34    11   2     0
398    28    35    11   7     0
399    28    39    5   9     0
400    28    40    13   15     0
401    29    34    9   13     0
402    29    35    13   6     0
403    29    39    8   5     0
404    29    40    10   19     0
405    30    34    13   6     0
406    30    35    9   13     0
407    30    39    11   2     0
408    30    40    8   5     0
409    31    34    7   10     0
410    31    35    13   15     0
411    31    39    16   3     0
412    31    40    13   15     0
413    32    34    9   18     0
414    32    35    13   14     0
415    32    39    11   7     0
416    32    40    7   10     0
417    33    34    13   14     0
418    33    35    10   19     0
419    33    39    9   13     0
420    33    40    11   2     0
421    34    34    8   8     0
422    34    35    13   14     0
423    34    39    11   7     0
424    34    40    13   15     0
425    35    34    9   13     0
426    35    35    8   20     0
427    35    39    5   9     0
428    35    40    9   18     0
429    36    34    7   12     0
430    36    35    9   18     0
431    36    39    8   20     0
432    36    40    8   20     0
433    25    48    9   13     0
434    25    49    8   5     0
435    25    53    11   4     0
436    25    54    5   9     0
437    26    48    16   3     0
438    26    49    9   18     0
439    26    53    7   10     0
440    26    54    8   20     0
441    27    48    11   1     0
442    27    49    8   5     0
443    27    53    11   7     0
444    27    54    13   6     0
445    28    48    8   20     0
446    28    49    10   19     0
447    28    53    7   10     0
448    28    54    5   9     0
449    29    48    9   18     0
450    29    49    16   3     0
451    29    53    13   14     0
452    29    54    10   19     0
453    30    48    9   13     0
454    30    49    9   18     0
455    30    53    13   14     0
456    30    54    7   12     0
457    31    48    8   11     0
458    31    49    13   17     0
459    31    53    11   4     0
460    31    54    13   14     0
461    32    48    7   16     0
462    32    49    11   1     0
463    32    53    11   4     0
464    32    54    13   15     0
465    33    48    8   8     0
466    33    49    8   5     0
467    33    53    13   14     0
468    33    54    8   11     0
469    34    48    13   15     0
470    34    49    8   5     0
471    34    53    11   4     0
472    34    54    5   9     0
473    35    48    8   20     0
474    35    49    7   10     0
475    35    53    13   17     0
476    35    54    10   19     0
477    36    48    7   10     0
478    36    49    7   12     0
479    36    53    13   14     0
480    36    54    16   3     0
481    25    62    13   14     0
482    25    63    13   14     0
483    25    67    11   7     0
484    25    68    7   16     0
485    26    62    11   2     0
486    26    63    11   7     0
487    26    67    9   18     0
488    26    68    13   14     0
489    27    62    13   15     0
490    27    63    7   16     0
491    27    67    13   15     0
492    27    68    13   14     0
493    28    62    13   6     0
494    28    63    13   15     0
495    28    67    5   9     0
496    28    68    8   20     0
497    29    62    11   7     0
498    29    63    9   13     0
499    29    67    13   14     0
500    29    68    7   12     0
501    30    62    13   14     0
502    30    63    7   12     0
503    30    67    11   7     0
504    30    68    7   10     0
505    31    62    11   7     0
506    31    63    11   2     0
507    31    67    13   14     0
508    31    68    9   13     0
509    32    62    13   6     0
510    32    63    11   1     0
511    32    67    8   20     0
512    32    68    10   19     0
513    33    62    13   14     0
514    33    63    9   18     0
515    33    67    8   20     0
516    33    68    13   15     0
517    34    62    9   18     0
518    34    63    10   19     0
519    34    67    8   8     0
520    34    68    16   3     0
521    35    62    13   14     0
522    35    63    8   20     0
523    35    67    9   18     0
524    35    68    8   20     0
525    36    62    8   5     0
526    36    63    11   4     0
527    36    67    13   15     0
528    36    68    5   9     0
529    25    76    5   9     0
530    25    77    7   16     0
531    25    81    11   4     0
532    25    82    13   14     0
533    26    76    8   11     0
534    26    77    8   11     0
535    26    81    8   20     0
536    26    82    7   12     0
537    27    76    5   9     0
538    27    77    11   7     0
539    27    81    13   14     0
540    27    82    13   15     0
541    28    76    7   12     0
542    28    77    10   19     0
543    28    81    11   7     0
544    28    82    7   16     0
545    29    76    13   6     0
546    29    77    10   19     0
547    29    81    11   2     0
548    29    82    16   3     0
549    30    76    5   9     0
550    30    77    10   19     0
551    30    81    13   6     0
552    30    82    10   19     0
553    31    76    11   2     0
554    31    77    16   3     0
555    31    81    9   18     0
556    31    82    7   16     0
557    32    76    7   12     0
558    32    77    8   11     0
559    32    81    8   20     0
560    32    82    11   7     0
561    33    76    13   14     0
562    33    77    8   5     0
563    33    81    7   10     0
564    33    82    10   19     0
565    34    76    7   12     0
566    34    77    13   6     0
567    34    81    7   12     0
568    34    82    8   5     0
569    35    76    8   11     0
570    35    77    11   4     0
571    35    81    11   4     0
572    35    82    13   15     0
573    36    76    8   8     0
574    36    77    13   17     0
575    36    81    8   20     0
576    36    82    11   1     0
577    44    6    11   4     0
578    44    7    13   14     0
579    44    11    7   16     0
580    44    12    8   5     0
581    45    6    7   10     0
582    45    7    8   11     0
583    45    11    11   4     0
584    45    12    13   6     0
585    46    6    11   7     0
586    46    7    10   19     0
587    46    11    11   2     0
588    46    12    13   15     0
589    47    6    8   8     0
590    47    7    11   4     0
591    47    11    7   12     0
592    47    12    16   3     0
593    48    6    9   18     0
594    48    7    7   16     0
595    48    11    13   14     0
596    48    12    13   17     0
597    49    6    13   6     0
598    49    7    8   8     0
599    49    11    13   6     0
600    49    12    7   10     0
601    50    6    8   20     0
602    50    7    7   10     0
603    50    11    13   14     0
604    50    12    8   5     0
605    51    6    13   17     0
606    51    7    16   3     0
607    51    11    9   13     0
608    51    12    9   13     0
609    52    6    7   10     0
610    52    7    8   20     0
611    52    11    13   17     0
612    52    12    10   19     0
613    53    6    8   11     0
614    53    7    7   16     0
615    53    11    5   9     0
616    53    12    13   17     0
617    54    6    11   4     0
618    54    7    13   6     0
619    54    11    13   14     0
620    54    12    9   18     0
621    55    6    7   10     0
622    55    7    13   15     0
623    55    11    11   2     0
624    55    12    7   12     0
625    44    20    13   17     0
626    44    21    13   14     0
627    44    25    13   14     0
628    44    26    10   19     0
629    45    20    13   15     0
630    45    21    8   20     0
631    45    25    13   6     0
632    45    26    10   19     0
633    46    20    13   14     0
634    46    21    13   17     0
635    46    25    11   2     0
636    46    26    7   12     0
637    47    20    8   5     0
638    47    21    7   12     0
639    47    25    10   19     0
640    47    26    7   16     0
641    48    20    9   18     0
642    48    21    11   1     0
643    48    25    13   14     0
644    48    26    9   18     0
645    49    20    16   3     0
646    49    21    8   5     0
647    49    25    8   5     0
648    49    26    11   7     0
649    50    20    9   13     0
650    50    21    9   18     0
651    50    25    11   7     0
652    50    26    9   18     0
653    51    20    8   20     0
654    51    21    7   12     0
655    51    25    11   2     0
656    51    26    13   17     0
657    52    20    13   17     0
658    52    21    7   12     0
659    52    25    7   16     0
660    52    26    13   6     0
661    53    20    16   3     0
662    53    21    9   13     0
663    53    25    8   20     0
664    53    26    8   11     0
665    54    20    13   6     0
666    54    21    7   12     0
667    54    25    13   15     0
668    54    26    11   4     0
669    55    20    8   20     0
670    55    21    8   8     0
671    55    25    5   9     0
672    55    26    7   10     0
673    44    34    11   2     0
674    44    35    11   7     0
675    44    39    8   20     0
676    44    40    13   17     0
677    45    34    13   14     0
678    45    35    11   2     0
679    45    39    13   14     0
680    45    40    11   7     0
681    46    34    8   11     0
682    46    35    7   12     0
683    46    39    10   19     0
684    46    40    7   16     0
685    47    34    7   16     0
686    47    35    11   7     0
687    47    39    7   16     0
688    47    40    7   12     0
689    48    34    11   4     0
690    48    35    11   2     0
691    48    39    9   18     0
692    48    40    16   3     0
693    49    34    5   9     0
694    49    35    13   14     0
695    49    39    9   13     0
696    49    40    5   9     0
697    50    34    10   19     0
698    50    35    9   13     0
699    50    39    9   18     0
700    50    40    8   5     0
701    51    34    11   2     0
702    51    35    13   17     0
703    51    39    16   3     0
704    51    40    11   7     0
705    52    34    11   4     0
706    52    35    5   9     0
707    52    39    11   1     0
708    52    40    13   15     0
709    53    34    11   7     0
710    53    35    13   14     0
711    53    39    11   7     0
712    53    40    11   2     0
713    54    34    7   12     0
714    54    35    11   7     0
715    54    39    8   5     0
716    54    40    10   19     0
717    55    34    11   1     0
718    55    35    11   4     0
719    55    39    11   4     0
720    55    40    11   2     0
721    44    48    13   6     0
722    44    49    10   19     0
723    44    53    7   12     0
724    44    54    8   5     0
725    45    48    10   19     0
726    45    49    5   9     0
727    45    53    8   11     0
728    45    54    11   7     0
729    46    48    13   6     0
730    46    49    11   1     0
731    46    53    13   17     0
732    46    54    11   7     0
733    47    48    9   18     0
734    47    49    16   3     0
735    47    53    7   10     0
736    47    54    13   6     0
737    48    48    8   20     0
738    48    49    11   2     0
739    48    53    13   15     0
740    48    54    11   2     0
741    49    48    9   18     0
742    49    49    7   12     0
743    49    53    8   11     0
744    49    54    8   20     0
745    50    48    9   13     0
746    50    49    11   7     0
747    50    53    10   19     0
748    50    54    10   19     0
749    51    48    7   10     0
750    51    49    11   1     0
751    51    53    13   6     0
752    51    54    10   19     0
753    52    48    8   8     0
754    52    49    13   14     0
755    52    53    13   14     0
756    52    54    13   6     0
757    53    48    13   14     0
758    53    49    9   13     0
759    53    53    7   12     0
760    53    54    11   7     0
761    54    48    5   9     0
762    54    49    8   5     0
763    54    53    13   15     0
764    54    54    13   6     0
765    55    48    7   10     0
766    55    49    13   15     0
767    55    53    10   19     0
768    55    54    8   8     0
769    44    62    13   6     0
770    44    63    8   11     0
771    44    67    13   17     0
772    44    68    13   6     0
773    45    62    8   20     0
774    45    63    11   2     0
775    45    67    11   4     0
776    45    68    13   15     0
777    46    62    7   12     0
778    46    63    13   17     0
779    46    67    11   4     0
780    46    68    10   19     0
781    47    62    8   5     0
782    47    63    7   12     0
783    47    67    7   10     0
784    47    68    8   5     0
785    48    62    7   10     0
786    48    63    9   18     0
787    48    67    8   5     0
788    48    68    11   2     0
789    49    62    7   16     0
790    49    63    7   16     0
791    49    67    7   16     0
792    49    68    5   9     0
793    50    62    11   7     0
794    50    63    7   16     0
795    50    67    8   5     0
796    50    68    7   10     0
797    51    62    11   1     0
798    51    63    8   11     0
799    51    67    7   16     0
800    51    68    16   3     0
801    52    62    11   4     0
802    52    63    16   3     0
803    52    67    13   15     0
804    52    68    10   19     0
805    53    62    8   11     0
806    53    63    9   18     0
807    53    67    16   3     0
808    53    68    5   9     0
809    54    62    8   11     0
810    54    63    5   9     0
811    54    67    10   19     0
812    54    68    10   19     0
813    55    62    10   19     0
814    55    63    16   3     0
815    55    67    5   9     0
816    55    68    8   8     0
817    44    76    7   12     0
818    44    77    7   16     0
819    44    81    10   19     0
820    44    82    13   14     0
821    45    76    8   20     0
822    45    77    8   5     0
823    45    81    8   11     0
824    45    82    10   19     0
825    46    76    10   19     0
826    46    77    13   6     0
827    46    81    8   20     0
828    46    82    13   15     0
829    47    76    11   7     0
830    47    77    11   2     0
831    47    81    7   12     0
832    47    82    13   14     0
833    48    76    9   18     0
834    48    77    8   11     0
835    48    81    7   16     0
836    48    82    10   19     0
837    49    76    16   3     0
838    49    77    8   20     0
839    49    81    8   5     0
840    49    82    10   19     0
841    50    76    13   15     0
842    50    77    13   15     0
843    50    81    11   4     0
844    50    82    9   18     0
845    51    76    8   11     0
846    51    77    13   17     0
847    51    81    16   3     0
848    51    82    11   2     0
849    52    76    7   10     0
850    52    77    8   8     0
851    52    81    8   8     0
852    52    82    11   7     0
853    53    76    10   19     0
854    53    77    13   14     0
855    53    81    13   6     0
856    53    82    13   17     0
857    54    76    11   4     0
858    54    77    7   12     0
859    54    81    8   5     0
860    54    82    8   11     0
861    55    76    13   14     0
862    55    77    13   15     0
863    55    81    10   19     0
864    55    82    9   18     0
