1    6    6    11   2     0
2    6    7    5   9     0
3    6    11    5   9     0
4    6    12    8   11     0
5    7    6    5   9     0
6    7    7    5   9     0
7    7    11    11   2     0
8    7    12    5   9     0
9    8    6    5   9     0
10    8    7    5   9     0
11    8    11    5   9     0
12    8    12    5   9     0
13    9    6    5   9     0
14    9    7    5   9     0
15    9    11    5   9     0
16    9    12    5   9     0
17    10    6    5   9     0
18    10    7    5   9     0
19    10    11    5   9     0
20    10    12    5   9     0
21    11    6    5   9     0
22    11    7    5   9     0
23    11    11    5   9     0
24    11    12    5   9     0
25    12    6    5   9     0
26    12    7    5   9     0
27    12    11    5   9     0
28    12    12    5   9     0
29    13    6    5   9     0
30    13    7    5   9     0
31    13    11    5   9     0
32    13    12    5   9     0
33    14    6    5   9     0
34    14    7    5   9     0
35    14    11    5   9     0
36    14    12    5   9     0
37    15    6    5   9     0
38    15    7    7   16     0
39    15    11    7   16     0
40    15    12    7   16     0
41    16    6    7   16     0
42    16    7    7   16     0
43    16    11    7   16     0
44    16    12    7   16     0
45    17    6    7   16     0
46    17    7    8   11     0
47    17    11    8   11     0
48    17    12    7   16     0
49    6    20    11   2     0
50    6    21    9   18     0
51    6    25    7   16     0
52    6    26    7   16     0
53    7    20    7   16     0
54    7    21    10   19     0
55    7    25    7   16     0
56    7    26    11   4     0
57    8    20    7   16     0
58    8    21    7   16     0
59    8    25    7   16     0
60    8    26    7   16     0
61    9    20    7   16     0
62    9    21    7   16     0
63    9    25    7   16     0
64    9    26    7   16     0
65    10    20    7   16     0
66    10    21    7   16     0
67    10    25    7   16     0
68    10    26    7   16     0
69    11    20    7   16     0
70    11    21    7   16     0
71    11    25    7   16     0
72    11    26    7   16     0
73    12    20    7   16     0
74    12    21    7   16     0
75    12    25    7   16     0
76    12    26    7   16     0
77    13    20    7   16     0
78    13    21    7   16     0
79    13    25    7   16     0
80    13    26    8   8     0
81    14    20    8   8     0
82    14    21    8   8     0
83    14    25    8   8     0
84    14    26    8   8     0
85    15    20    8   8     0
86    15    21    8   8     0
87    15    25    8   8     0
88    15    26    8   8     0
89    16    20    8   8     0
90    16    21    8   8     0
91    16    25    8   8     0
92    16    26    8   8     0
93    17    20    8   8     0
94    17    21    8   8     0
95    17    25    8   8     0
96    17    26    8   8     0
97    6    34    13   6     0
98    6    35    13   15     0
99    6    39    8   11     0
100    6    40    13   14     0
101    7    34    13   6     0
102    7    35    8   8     0
103    7    39    11   4     0
104    7    40    8   8     0
105    8    34    8   8     0
106    8    35    8   8     0
107    8    39    8   8     0
108    8    40    8   8     0
109    9    34    8   8     0
110    9    35    8   8     0
111    9    39    8   8     0
112    9    40    8   8     0
113    10    34    8   8     0
114    10    35    8   8     0
115    10    39    8   8     0
116    10    40    8   8     0
117    11    34    8   8     0
118    11    35    8   8     0
119    11    39    8   8     0
120    11    40    8   8     0
121    12    34    9   13     0
122    12    35    9   13     0
123    12    39    9   13     0
124    12    40    9   13     0
125    13    34    9   13     0
126    13    35    9   13     0
127    13    39    9   13     0
128    13    40    9   13     0
129    14    34    9   13     0
130    14    35    9   13     0
131    14    39    9   13     0
132    14    40    9   13     0
133    15    34    9   13     0
134    15    35    9   13     0
135    15    39    9   13     0
136    15    40    9   13     0
137    16    34    9   13     0
138    16    35    9   13     0
139    16    39    9   13     0
140    16    40    9   13     0
141    17    34    9   13     0
142    17    35    9   13     0
143    17    39    9   13     0
144    17    40    9   13     0
145    6    48    16   3     0
146    6    49    9   13     0
147    6    53    9   13     0
148    6    54    9   13     0
149    7    48    11   4     0
150    7    49    13   6     0
151    7    53    11   2     0
152    7    54    10   19     0
153    8    48    9   13     0
154    8    49    9   13     0
155    8    53    7   10     0
156    8    54    11   2     0
157    9    48    7   10     0
158    9    49    7   10     0
159    9    53    7   10     0
160    9    54    7   10     0
161    10    48    7   10     0
162    10    49    7   10     0
163    10    53    7   10     0
164    10    54    7   10     0
165    11    48    7   10     0
166    11    49    7   10     0
167    11    53    7   10     0
168    11    54    7   10     0
169    12    48    7   10     0
170    12    49    7   10     0
171    12    53    7   10     0
172    12    54    7   10     0
173    13    48    7   10     0
174    13    49    7   10     0
175    13    53    7   10     0
176    13    54    7   10     0
177    14    48    7   10     0
178    14    49    7   10     0
179    14    53    7   10     0
180    14    54    7   10     0
181    15    48    7   10     0
182    15    49    7   10     0
183    15    53    7   10     0
184    15    54    7   10     0
185    16    48    7   10     0
186    16    49    7   10     0
187    16    53    7   10     0
188    16    54    7   10     0
189    17    48    7   10     0
190    17    49    7   10     0
191    17    53    7   10     0
192    17    54    7   10     0
193    6    62    16   3     0
194    6    63    9   13     0
195    6    67    7   10     0
196    6    68    9   13     0
197    7    62    7   12     0
198    7    63    13   17     0
199    7    67    13   17     0
200    7    68    7   12     0
201    8    62    7   12     0
202    8    63    7   12     0
203    8    67    7   12     0
204    8    68    7   12     0
205    9    62    7   12     0
206    9    63    7   12     0
207    9    67    7   12     0
208    9    68    7   12     0
209    10    62    7   12     0
210    10    63    7   12     0
211    10    67    7   12     0
212    10    68    7   12     0
213    11    62    7   12     0
214    11    63    7   12     0
215    11    67    7   12     0
216    11    68    7   12     0
217    12    62    7   12     0
218    12    63    7   12     0
219    12    67    7   12     0
220    12    68    7   12     0
221    13    62    9   13     0
222    13    63    9   13     0
223    13    67    9   13     0
224    13    68    9   13     0
225    14    62    7   12     0
226    14    63    7   12     0
227    14    67    7   12     0
228    14    68    7   12     0
229    15    62    7   12     0
230    15    63    7   12     0
231    15    67    7   12     0
232    15    68    7   12     0
233    16    62    7   12     0
234    16    63    7   12     0
235    16    67    7   12     0
236    16    68    7   12     0
237    17    62    7   12     0
238    17    63    7   12     0
239    17    67    7   12     0
240    17    68    7   12     0
241    6    76    7   12     0
242    6    77    7   12     0
243    6    81    13   15     0
244    6    82    8   11     0
245    7    76    13   14     0
246    7    77    13   6     0
247    7    81    7   12     0
248    7    82    7   12     0
249    8    76    7   12     0
250    8    77    7   12     0
251    8    81    7   12     0
252    8    82    7   12     0
253    9    76    8   11     0
254    9    77    8   11     0
255    9    81    8   11     0
256    9    82    8   11     0
257    10    76    8   11     0
258    10    77    8   11     0
259    10    81    8   11     0
260    10    82    8   11     0
261    11    76    8   11     0
262    11    77    8   11     0
263    11    81    8   11     0
264    11    82    8   11     0
265    12    76    8   11     0
266    12    77    8   11     0
267    12    81    8   11     0
268    12    82    8   11     0
269    13    76    8   11     0
270    13    77    8   11     0
271    13    81    8   11     0
272    13    82    8   11     0
273    14    76    8   11     0
274    14    77    8   11     0
275    14    81    8   11     0
276    14    82    8   11     0
277    15    76    8   11     0
278    15    77    8   11     0
279    15    81    8   11     0
280    15    82    8   11     0
281    16    76    8   11     0
282    16    77    8   11     0
283    16    81    8   11     0
284    16    82    8   11     0
285    17    76    8   11     0
286    17    77    8   11     0
287    17    81    8   11     0
288    17    82    8   11     0
289    25    6    8   11     0
290    25    7    8   11     0
291    25    11    11   1     0
292    25    12    11   1     0
293    26    6    11   1     0
294    26    7    11   1     0
295    26    11    11   1     0
296    26    12    11   1     0
297    27    6    11   1     0
298    27    7    11   1     0
299    27    11    11   1     0
300    27    12    11   1     0
301    28    6    11   1     0
302    28    7    11   1     0
303    28    11    11   1     0
304    28    12    11   1     0
305    29    6    11   1     0
306    29    7    11   1     0
307    29    11    11   1     0
308    29    12    11   1     0
309    30    6    11   1     0
310    30    7    11   1     0
311    30    11    11   1     0
312    30    12    11   1     0
313    31    6    11   1     0
314    31    7    11   1     0
315    31    11    11   1     0
316    31    12    11   1     0
317    32    6    11   1     0
318    32    7    11   1     0
319    32    11    11   1     0
320    32    12    11   1     0
321    33    6    11   1     0
322    33    7    11   1     0
323    33    11    11   1     0
324    33    12    11   1     0
325    34    6    11   1     0
326    34    7    9   18     0
327    34    11    9   18     0
328    34    12    9   18     0
329    35    6    9   18     0
330    35    7    9   18     0
331    35    11    9   18     0
332    35    12    9   18     0
333    36    6    9   18     0
334    36    7    9   18     0
335    36    11    9   18     0
336    36    12    9   18     0
337    25    20    9   18     0
338    25    21    9   18     0
339    25    25    9   18     0
340    25    26    9   18     0
341    26    20    9   18     0
342    26    21    9   18     0
343    26    25    9   18     0
344    26    26    9   18     0
345    27    20    9   18     0
346    27    21    9   18     0
347    27    25    9   18     0
348    27    26    9   18     0
349    28    20    9   18     0
350    28    21    9   18     0
351    28    25    9   18     0
352    28    26    9   18     0
353    29    20    9   18     0
354    29    21    9   18     0
355    29    25    9   18     0
356    29    26    9   18     0
357    30    20    9   18     0
358    30    21    9   18     0
359    30    25    9   18     0
360    30    26    9   18     0
361    31    20    9   18     0
362    31    21    9   18     0
363    31    25    9   18     0
364    31    26    9   18     0
365    32    20    9   18     0
366    32    21    8   5     0
367    32    25    8   5     0
368    32    26    8   5     0
369    33    20    8   5     0
370    33    21    8   5     0
371    33    25    8   5     0
372    33    26    8   5     0
373    34    20    8   5     0
374    34    21    8   5     0
375    34    25    8   5     0
376    34    26    8   5     0
377    35    20    8   5     0
378    35    21    8   5     0
379    35    25    8   5     0
380    35    26    8   5     0
381    36    20    8   5     0
382    36    21    8   5     0
383    36    25    8   5     0
384    36    26    8   5     0
385    25    34    8   5     0
386    25    35    8   5     0
387    25    39    8   5     0
388    25    40    8   5     0
389    26    34    8   5     0
390    26    35    8   5     0
391    26    39    8   5     0
392    26    40    8   5     0
393    27    34    8   5     0
394    27    35    8   5     0
395    27    39    8   5     0
396    27    40    8   5     0
397    28    34    8   5     0
398    28    35    8   5     0
399    28    39    8   5     0
400    28    40    8   5     0
401    29    34    8   5     0
402    29    35    8   5     0
403    29    39    8   5     0
404    29    40    8   5     0
405    30    34    8   5     0
406    30    35    8   5     0
407    30    39    8   5     0
408    30    40    8   20     0
409    31    34    8   20     0
410    31    35    8   20     0
411    31    39    8   20     0
412    31    40    8   20     0
413    32    34    8   20     0
414    32    35    8   20     0
415    32    39    8   20     0
416    32    40    8   20     0
417    33    34    8   20     0
418    33    35    8   20     0
419    33    39    8   20     0
420    33    40    8   20     0
421    34    34    8   20     0
422    34    35    8   20     0
423    34    39    8   20     0
424    34    40    8   20     0
425    35    34    8   20     0
426    35    35    8   20     0
427    35    39    8   20     0
428    35    40    8   20     0
429    36    34    8   20     0
430    36    35    8   20     0
431    36    39    8   20     0
432    36    40    8   20     0
433    25    48    8   20     0
434    25    49    8   20     0
435    25    53    8   20     0
436    25    54    8   20     0
437    26    48    8   20     0
438    26    49    8   20     0
439    26    53    8   20     0
440    26    54    8   20     0
441    27    48    8   20     0
442    27    49    8   20     0
443    27    53    8   20     0
444    27    54    8   20     0
445    28    48    8   20     0
446    28    49    8   20     0
447    28    53    8   20     0
448    28    54    8   20     0
449    29    48    8   20     0
450    29    49    8   20     0
451    29    53    8   20     0
452    29    54    8   20     0
453    30    48    8   20     0
454    30    49    8   20     0
455    30    53    13   17     0
456    30    54    13   17     0
457    31    48    13   17     0
458    31    49    13   17     0
459    31    53    13   17     0
460    31    54    13   17     0
461    32    48    13   17     0
462    32    49    13   17     0
463    32    53    13   17     0
464    32    54    13   17     0
465    33    48    13   17     0
466    33    49    13   17     0
467    33    53    13   17     0
468    33    54    13   17     0
469    34    48    13   17     0
470    34    49    13   17     0
471    34    53    13   17     0
472    34    54    13   17     0
473    35    48    13   17     0
474    35    49    13   17     0
475    35    53    13   17     0
476    35    54    13   17     0
477    36    48    13   17     0
478    36    49    13   17     0
479    36    53    13   17     0
480    36    54    13   17     0
481    25    62    13   17     0
482    25    63    13   17     0
483    25    67    13   17     0
484    25    68    13   17     0
485    26    62    13   17     0
486    26    63    11   2     0
487    26    67    11   2     0
488    26    68    11   2     0
489    27    62    11   2     0
490    27    63    11   2     0
491    27    67    11   2     0
492    27    68    11   2     0
493    28    62    11   2     0
494    28    63    11   2     0
495    28    67    11   2     0
496    28    68    11   2     0
497    29    62    11   2     0
498    29    63    11   2     0
499    29    67    11   2     0
500    29    68    11   2     0
501    30    62    11   2     0
502    30    63    11   2     0
503    30    67    11   2     0
504    30    68    11   2     0
505    31    62    11   2     0
506    31    63    11   2     0
507    31    67    11   2     0
508    31    68    11   2     0
509    32    62    11   2     0
510    32    63    11   2     0
511    32    67    11   2     0
512    32    68    11   2     0
513    33    62    11   2     0
514    33    63    11   2     0
515    33    67    11   2     0
516    33    68    11   2     0
517    34    62    11   2     0
518    34    63    11   2     0
519    34    67    11   2     0
520    34    68    11   2     0
521    35    62    11   2     0
522    35    63    11   2     0
523    35    67    11   2     0
524    35    68    11   2     0
525    36    62    11   2     0
526    36    63    11   2     0
527    36    67    11   2     0
528    36    68    13   6     0
529    25    76    13   6     0
530    25    77    13   6     0
531    25    81    13   6     0
532    25    82    13   6     0
533    26    76    13   6     0
534    26    77    13   6     0
535    26    81    13   6     0
536    26    82    13   6     0
537    27    76    13   6     0
538    27    77    13   6     0
539    27    81    13   6     0
540    27    82    13   6     0
541    28    76    13   6     0
542    28    77    13   6     0
543    28    81    13   6     0
544    28    82    13   6     0
545    29    76    13   6     0
546    29    77    13   6     0
547    29    81    13   6     0
548    29    82    13   6     0
549    30    76    13   6     0
550    30    77    13   6     0
551    30    81    13   6     0
552    30    82    13   6     0
553    31    76    13   6     0
554    31    77    13   6     0
555    31    81    13   6     0
556    31    82    13   6     0
557    32    76    13   6     0
558    32    77    13   6     0
559    32    81    13   6     0
560    32    82    13   6     0
561    33    76    13   6     0
562    33    77    13   6     0
563    33    81    13   6     0
564    33    82    11   4     0
565    34    76    11   4     0
566    34    77    11   4     0
567    34    81    11   4     0
568    34    82    11   4     0
569    35    76    11   4     0
570    35    77    11   4     0
571    35    81    11   4     0
572    35    82    11   4     0
573    36    76    11   4     0
574    36    77    11   4     0
575    36    81    11   4     0
576    36    82    11   4     0
577    44    6    11   4     0
578    44    7    11   4     0
579    44    11    11   4     0
580    44    12    11   4     0
581    45    6    11   4     0
582    45    7    11   4     0
583    45    11    11   4     0
584    45    12    11   4     0
585    46    6    11   4     0
586    46    7    11   4     0
587    46    11    11   4     0
588    46    12    11   4     0
589    47    6    11   4     0
590    47    7    11   4     0
591    47    11    11   4     0
592    47    12    11   4     0
593    48    6    11   4     0
594    48    7    11   4     0
595    48    11    11   4     0
596    48    12    11   4     0
597    49    6    11   4     0
598    49    7    11   4     0
599    49    11    11   4     0
600    49    12    11   4     0
601    50    6    11   4     0
602    50    7    11   4     0
603    50    11    11   4     0
604    50    12    11   4     0
605    51    6    11   4     0
606    51    7    11   4     0
607    51    11    11   4     0
608    51    12    11   4     0
609    52    6    11   4     0
610    52    7    10   19     0
611    52    11    10   19     0
612    52    12    10   19     0
613    53    6    10   19     0
614    53    7    10   19     0
615    53    11    10   19     0
616    53    12    10   19     0
617    54    6    10   19     0
618    54    7    10   19     0
619    54    11    10   19     0
620    54    12    10   19     0
621    55    6    10   19     0
622    55    7    10   19     0
623    55    11    10   19     0
624    55    12    10   19     0
625    44    20    10   19     0
626    44    21    10   19     0
627    44    25    10   19     0
628    44    26    10   19     0
629    45    20    10   19     0
630    45    21    10   19     0
631    45    25    10   19     0
632    45    26    10   19     0
633    46    20    10   19     0
634    46    21    10   19     0
635    46    25    10   19     0
636    46    26    10   19     0
637    47    20    10   19     0
638    47    21    10   19     0
639    47    25    10   19     0
640    47    26    10   19     0
641    48    20    10   19     0
642    48    21    10   19     0
643    48    25    10   19     0
644    48    26    10   19     0
645    49    20    10   19     0
646    49    21    10   19     0
647    49    25    10   19     0
648    49    26    10   19     0
649    50    20    10   19     0
650    50    21    10   19     0
651    50    25    10   19     0
652    50    26    10   19     0
653    51    20    10   19     0
654    51    21    10   19     0
655    51    25    10   19     0
656    51    26    10   19     0
657    52    20    10   19     0
658    52    21    10   19     0
659    52    25    10   19     0
660    52    26    10   19     0
661    53    20    10   19     0
662    53    21    10   19     0
663    53    25    10   19     0
664    53    26    13   15     0
665    54    20    13   15     0
666    54    21    13   15     0
667    54    25    13   15     0
668    54    26    13   15     0
669    55    20    13   15     0
670    55    21    13   15     0
671    55    25    13   15     0
672    55    26    13   15     0
673    44    34    13   15     0
674    44    35    13   15     0
675    44    39    13   15     0
676    44    40    13   15     0
677    45    34    13   15     0
678    45    35    13   15     0
679    45    39    13   15     0
680    45    40    13   15     0
681    46    34    13   15     0
682    46    35    13   15     0
683    46    39    13   15     0
684    46    40    13   15     0
685    47    34    13   15     0
686    47    35    13   15     0
687    47    39    13   15     0
688    47    40    13   15     0
689    48    34    13   15     0
690    48    35    13   15     0
691    48    39    13   15     0
692    48    40    13   15     0
693    49    34    13   15     0
694    49    35    13   15     0
695    49    39    13   15     0
696    49    40    13   15     0
697    50    34    13   15     0
698    50    35    13   15     0
699    50    39    13   15     0
700    50    40    13   15     0
701    51    34    13   15     0
702    51    35    13   15     0
703    51    39    13   15     0
704    51    40    13   15     0
705    52    34    13   15     0
706    52    35    13   15     0
707    52    39    13   15     0
708    52    40    16   3     0
709    53    34    16   3     0
710    53    35    16   3     0
711    53    39    16   3     0
712    53    40    16   3     0
713    54    34    16   3     0
714    54    35    16   3     0
715    54    39    16   3     0
716    54    40    16   3     0
717    55    34    16   3     0
718    55    35    16   3     0
719    55    39    16   3     0
720    55    40    16   3     0
721    44    48    16   3     0
722    44    49    16   3     0
723    44    53    16   3     0
724    44    54    16   3     0
725    45    48    16   3     0
726    45    49    16   3     0
727    45    53    16   3     0
728    45    54    16   3     0
729    46    48    16   3     0
730    46    49    16   3     0
731    46    53    16   3     0
732    46    54    16   3     0
733    47    48    16   3     0
734    47    49    16   3     0
735    47    53    16   3     0
736    47    54    16   3     0
737    48    48    16   3     0
738    48    49    16   3     0
739    48    53    16   3     0
740    48    54    16   3     0
741    49    48    16   3     0
742    49    49    16   3     0
743    49    53    16   3     0
744    49    54    11   7     0
745    50    48    11   7     0
746    50    49    11   7     0
747    50    53    11   7     0
748    50    54    11   7     0
749    51    48    11   7     0
750    51    49    11   7     0
751    51    53    11   7     0
752    51    54    11   7     0
753    52    48    11   7     0
754    52    49    11   7     0
755    52    53    11   7     0
756    52    54    11   7     0
757    53    48    11   7     0
758    53    49    11   7     0
759    53    53    11   7     0
760    53    54    11   7     0
761    54    48    11   7     0
762    54    49    11   7     0
763    54    53    11   7     0
764    54    54    11   7     0
765    55    48    11   7     0
766    55    49    11   7     0
767    55    53    11   7     0
768    55    54    11   7     0
769    44    62    11   7     0
770    44    63    11   7     0
771    44    67    11   7     0
772    44    68    11   7     0
773    45    62    11   7     0
774    45    63    11   7     0
775    45    67    11   7     0
776    45    68    11   7     0
777    46    62    11   7     0
778    46    63    11   7     0
779    46    67    11   7     0
780    46    68    11   7     0
781    47    62    11   7     0
782    47    63    11   7     0
783    47    67    11   7     0
784    47    68    11   7     0
785    48    62    11   7     0
786    48    63    11   7     0
787    48    67    11   7     0
788    48    68    11   7     0
789    49    62    11   7     0
790    49    63    11   7     0
791    49    67    11   7     0
792    49    68    11   7     0
793    50    62    11   7     0
794    50    63    11   7     0
795    50    67    11   7     0
796    50    68    11   7     0
797    51    62    11   7     0
798    51    63    11   7     0
799    51    67    11   7     0
800    51    68    11   7     0
801    52    62    13   14     0
802    52    63    13   14     0
803    52    67    13   14     0
804    52    68    13   14     0
805    53    62    13   14     0
806    53    63    13   14     0
807    53    67    13   14     0
808    53    68    13   14     0
809    54    62    13   14     0
810    54    63    13   14     0
811    54    67    13   14     0
812    54    68    13   14     0
813    55    62    13   14     0
814    55    63    13   14     0
815    55    67    13   14     0
816    55    68    13   14     0
817    44    76    13   14     0
818    44    77    13   14     0
819    44    81    13   14     0
820    44    82    13   14     0
821    45    76    13   14     0
822    45    77    13   14     0
823    45    81    13   14     0
824    45    82    13   14     0
825    46    76    13   14     0
826    46    77    13   14     0
827    46    81    13   14     0
828    46    82    13   14     0
829    47    76    13   14     0
830    47    77    13   14     0
831    47    81    13   14     0
832    47    82    13   14     0
833    48    76    13   14     0
834    48    77    13   14     0
835    48    81    13   14     0
836    48    82    13   14     0
837    49    76    13   14     0
838    49    77    13   14     0
839    49    81    13   14     0
840    49    82    13   14     0
841    50    76    13   14     0
842    50    77    13   14     0
843    50    81    13   14     0
844    50    82    13   14     0
845    51    76    13   14     0
846    51    77    13   14     0
847    51    81    13   14     0
848    51    82    13   14     0
849    52    76    13   14     0
850    52    77    13   14     0
851    52    81    13   14     0
852    52    82    13   14     0
853    53    76    13   14     0
854    53    77    13   14     0
855    53    81    13   14     0
856    53    82    13   14     0
857    54    76    13   14     0
858    54    77    13   14     0
859    54    81    13   14     0
860    54    82    13   14     0
861    55    76    13   14     0
862    55    77    13   14     0
863    55    81    13   14     0
864    55    82    13   14     0
