1    6    6    11   3     0
2    6    7    11   3     0
3    6    11    19   12     0
4    6    12    20   7     0
5    7    6    9   9     0
6    7    7    9   9     0
7    7    11    9   9     0
8    7    12    9   9     0
9    8    6    9   9     0
10    8    7    9   9     0
11    8    11    13   8     0
12    8    12    13   8     0
13    9    6    13   8     0
14    9    7    13   8     0
15    9    11    13   8     0
16    9    12    13   8     0
17    10    6    18   11     0
18    10    7    18   11     0
19    10    11    13   8     0
20    10    12    13   8     0
21    11    6    20   7     0
22    11    7    20   7     0
23    11    11    20   7     0
24    11    12    20   7     0
25    12    6    8   10     0
26    12    7    8   10     0
27    12    11    8   10     0
28    12    12    8   10     0
29    13    6    8   10     0
30    13    7    8   10     0
31    13    11    8   10     0
32    13    12    8   10     0
33    14    6    8   10     0
34    14    7    8   10     0
35    14    11    8   10     0
36    14    12    8   10     0
37    15    6    15   1     0
38    15    7    15   1     0
39    15    11    15   1     0
40    15    12    15   1     0
41    16    6    11   3     0
42    16    7    11   3     0
43    16    11    11   3     0
44    16    12    11   3     0
45    17    6    11   3     0
46    17    7    11   3     0
47    17    11    11   3     0
48    17    12    11   3     0
49    6    20    16   6     0
50    6    21    16   6     0
51    6    25    0   9     0
52    6    26    0   2     0
53    7    20    9   9     0
54    7    21    9   9     0
55    7    25    7   9     0
56    7    26    16   6     0
57    8    20    9   9     0
58    8    21    9   9     0
59    8    25    9   9     0
60    8    26    9   9     0
61    9    20    13   8     0
62    9    21    13   8     0
63    9    25    13   8     0
64    9    26    13   8     0
65    10    20    13   8     0
66    10    21    13   8     0
67    10    25    13   8     0
68    10    26    13   8     0
69    11    20    7   10     0
70    11    21    13   8     0
71    11    25    13   8     0
72    11    26    18   11     0
73    12    20    8   10     0
74    12    21    8   10     0
75    12    25    8   10     0
76    12    26    8   10     0
77    13    20    8   10     0
78    13    21    8   10     0
79    13    25    8   10     0
80    13    26    8   10     0
81    14    20    8   10     0
82    14    21    8   10     0
83    14    25    8   10     0
84    14    26    8   10     0
85    15    20    15   1     0
86    15    21    15   1     0
87    15    25    8   10     0
88    15    26    8   10     0
89    16    20    11   3     0
90    16    21    11   3     0
91    16    25    11   3     0
92    16    26    6   3     0
93    17    20    11   3     0
94    17    21    11   3     0
95    17    25    11   3     0
96    17    26    11   3     0
97    6    34    0   3     0
98    6    35    0   3     0
99    6    39    0   3     0
100    6    40    0   3     0
101    7    34    19   12     0
102    7    35    19   12     0
103    7    39    11   3     0
104    7    40    11   3     0
105    8    34    9   9     0
106    8    35    9   9     0
107    8    39    17   5     0
108    8    40    9   9     0
109    9    34    5   8     0
110    9    35    9   9     0
111    9    39    9   9     0
112    9    40    9   9     0
113    10    34    13   8     0
114    10    35    13   8     0
115    10    39    13   8     0
116    10    40    13   8     0
117    11    34    13   8     0
118    11    35    18   11     0
119    11    39    12   4     0
120    11    40    18   11     0
121    12    34    8   10     0
122    12    35    20   7     0
123    12    39    20   7     0
124    12    40    20   7     0
125    13    34    8   10     0
126    13    35    8   10     0
127    13    39    8   10     0
128    13    40    8   10     0
129    14    34    8   10     0
130    14    35    8   10     0
131    14    39    8   10     0
132    14    40    8   10     0
133    15    34    8   10     0
134    15    35    8   10     0
135    15    39    8   10     0
136    15    40    8   10     0
137    16    34    8   10     0
138    16    35    15   1     0
139    16    39    12   4     0
140    16    40    15   1     0
141    17    34    11   3     0
142    17    35    11   3     0
143    17    39    11   3     0
144    17    40    11   3     0
145    25    6    11   3     0
146    25    7    18   11     0
147    25    11    18   11     0
148    25    12    18   11     0
149    26    6    11   3     0
150    26    7    11   3     0
151    26    11    11   3     0
152    26    12    11   3     0
153    27    6    18   11     0
154    27    7    18   11     0
155    27    11    18   11     0
156    27    12    18   11     0
157    28    6    15   1     0
158    28    7    15   1     0
159    28    11    15   1     0
160    28    12    15   1     0
161    29    6    15   1     0
162    29    7    15   1     0
163    29    11    15   1     0
164    29    12    15   1     0
165    30    6    12   4     0
166    30    7    4   4     0
167    30    11    15   1     0
168    30    12    15   1     0
169    31    6    12   4     0
170    31    7    12   4     0
171    31    11    12   4     0
172    31    12    12   4     0
173    32    6    9   9     0
174    32    7    9   9     0
175    32    11    9   9     0
176    32    12    9   9     0
177    33    6    12   4     0
178    33    7    12   4     0
179    33    11    12   4     0
180    33    12    12   4     0
181    34    6    12   4     0
182    34    7    12   4     0
183    34    11    12   4     0
184    34    12    12   4     0
185    35    6    14   2     0
186    35    7    14   2     0
187    35    11    14   2     0
188    35    12    14   2     0
189    36    6    14   2     0
190    36    7    14   2     0
191    36    11    14   2     0
192    36    12    14   2     0
193    25    20    18   11     0
194    25    21    18   11     0
195    25    25    18   11     0
196    25    26    18   11     0
197    26    20    11   3     0
198    26    21    11   3     0
199    26    25    11   3     0
200    26    26    11   3     0
201    27    20    18   11     0
202    27    21    13   8     0
203    27    25    13   8     0
204    27    26    18   11     0
205    28    20    15   1     0
206    28    21    15   1     0
207    28    25    6   1     0
208    28    26    18   11     0
209    29    20    15   1     0
210    29    21    15   1     0
211    29    25    14   2     0
212    29    26    14   2     0
213    30    20    15   1     0
214    30    21    15   1     0
215    30    25    15   1     0
216    30    26    15   1     0
217    31    20    12   4     0
218    31    21    12   4     0
219    31    25    12   4     0
220    31    26    12   4     0
221    32    20    9   9     0
222    32    21    9   9     0
223    32    25    9   9     0
224    32    26    9   9     0
225    33    20    12   4     0
226    33    21    12   4     0
227    33    25    12   4     0
228    33    26    12   4     0
229    34    20    12   4     0
230    34    21    14   2     0
231    34    25    14   2     0
232    34    26    12   4     0
233    35    20    14   2     0
234    35    21    14   2     0
235    35    25    14   2     0
236    35    26    14   2     0
237    36    20    14   2     0
238    36    21    14   2     0
239    36    25    14   2     0
240    36    26    14   2     0
241    25    34    18   11     0
242    25    35    18   11     0
243    25    39    18   11     0
244    25    40    11   3     0
245    26    34    11   3     0
246    26    35    11   3     0
247    26    39    11   3     0
248    26    40    11   3     0
249    27    34    18   11     0
250    27    35    18   11     0
251    27    39    18   11     0
252    27    40    4   11     0
253    28    34    18   11     0
254    28    35    18   11     0
255    28    39    18   11     0
256    28    40    18   11     0
257    29    34    14   2     0
258    29    35    14   2     0
259    29    39    14   2     0
260    29    40    15   1     0
261    30    34    15   1     0
262    30    35    15   1     0
263    30    39    15   1     0
264    30    40    15   1     0
265    31    34    12   4     0
266    31    35    12   4     0
267    31    39    12   4     0
268    31    40    12   4     0
269    32    34    9   9     0
270    32    35    9   9     0
271    32    39    9   9     0
272    32    40    12   4     0
273    33    34    12   4     0
274    33    35    12   4     0
275    33    39    12   4     0
276    33    40    12   4     0
277    34    34    12   4     0
278    34    35    12   4     0
279    34    39    12   4     0
280    34    40    12   4     0
281    35    34    14   2     0
282    35    35    6   2     0
283    35    39    12   4     0
284    35    40    12   4     0
285    36    34    14   2     0
286    36    35    14   2     0
287    36    39    14   2     0
288    36    40    14   2     0
289    44    6    19   12     0
290    44    7    10   12     0
291    44    11    14   2     0
292    44    12    14   2     0
293    45    6    19   12     0
294    45    7    19   12     0
295    45    11    19   12     0
296    45    12    19   12     0
297    46    6    2   5     0
298    46    7    19   12     0
299    46    11    19   12     0
300    46    12    19   12     0
301    47    6    17   5     0
302    47    7    17   5     0
303    47    11    17   5     0
304    47    12    19   12     0
305    48    6    17   5     0
306    48    7    17   5     0
307    48    11    17   5     0
308    48    12    17   5     0
309    49    6    16   6     0
310    49    7    16   6     0
311    49    11    16   6     0
312    49    12    16   6     0
313    50    6    16   6     0
314    50    7    16   6     0
315    50    11    16   6     0
316    50    12    16   6     0
317    51    6    16   6     0
318    51    7    16   6     0
319    51    11    16   6     0
320    51    12    16   6     0
321    52    6    16   6     0
322    52    7    16   6     0
323    52    11    16   6     0
324    52    12    16   6     0
325    53    6    20   7     0
326    53    7    20   7     0
327    53    11    20   7     0
328    53    12    20   7     0
329    54    6    20   7     0
330    54    7    20   7     0
331    54    11    20   7     0
332    54    12    20   7     0
333    55    6    20   7     0
334    55    7    20   7     0
335    55    11    20   7     0
336    55    12    20   7     0
337    44    20    14   2     0
338    44    21    14   2     0
339    44    25    14   2     0
340    44    26    14   2     0
341    45    20    19   12     0
342    45    21    19   12     0
343    45    25    19   12     0
344    45    26    19   12     0
345    46    20    19   12     0
346    46    21    19   12     0
347    46    25    19   12     0
348    46    26    19   12     0
349    47    20    17   5     0
350    47    21    17   5     0
351    47    25    17   5     0
352    47    26    17   5     0
353    48    20    17   5     0
354    48    21    17   5     0
355    48    25    17   5     0
356    48    26    17   5     0
357    49    20    2   6     0
358    49    21    17   5     0
359    49    25    17   5     0
360    49    26    17   5     0
361    50    20    17   5     0
362    50    21    17   5     0
363    50    25    17   5     0
364    50    26    17   5     0
365    51    20    16   6     0
366    51    21    16   6     0
367    51    25    16   6     0
368    51    26    16   6     0
369    52    20    16   6     0
370    52    21    16   6     0
371    52    25    16   6     0
372    52    26    16   6     0
373    53    20    20   7     0
374    53    21    20   7     0
375    53    25    20   7     0
376    53    26    1   7     0
377    54    20    20   7     0
378    54    21    20   7     0
379    54    25    20   7     0
380    54    26    20   7     0
381    55    20    20   7     0
382    55    21    20   7     0
383    55    25    20   7     0
384    55    26    20   7     0
385    44    34    14   2     0
386    44    35    14   2     0
387    44    39    19   12     0
388    44    40    19   12     0
389    45    34    19   12     0
390    45    35    19   12     0
391    45    39    19   12     0
392    45    40    19   12     0
393    46    34    19   12     0
394    46    35    19   12     0
395    46    39    19   12     0
396    46    40    19   12     0
397    47    34    17   5     0
398    47    35    17   5     0
399    47    39    17   5     0
400    47    40    17   5     0
401    48    34    17   5     0
402    48    35    17   5     0
403    48    39    17   5     0
404    48    40    17   5     0
405    49    34    17   5     0
406    49    35    17   5     0
407    49    39    17   5     0
408    49    40    17   5     0
409    50    34    17   5     0
410    50    35    17   5     0
411    50    39    16   6     0
412    50    40    16   6     0
413    51    34    16   6     0
414    51    35    16   6     0
415    51    39    16   6     0
416    51    40    16   6     0
417    52    34    16   6     0
418    52    35    16   6     0
419    52    39    16   6     0
420    52    40    16   6     0
421    53    34    16   6     0
422    53    35    16   6     0
423    53    39    16   6     0
424    53    40    16   6     0
425    54    34    20   7     0
426    54    35    20   7     0
427    54    39    20   7     0
428    54    40    20   7     0
429    55    34    20   7     0
430    55    35    20   7     0
431    55    39    20   7     0
432    55    40    20   7     0
