1    6    6    12   4     0
2    6    7    13   8     0
3    6    11    17   5     0
4    6    12    13   8     0
5    7    6    13   8     0
6    7    7    13   8     0
7    7    11    13   8     0
8    7    12    12   4     0
9    8    6    2   7     0
10    8    7    13   8     0
11    8    11    13   8     0
12    8    12    14   2     0
13    9    6    20   7     0
14    9    7    20   7     0
15    9    11    20   7     0
16    9    12    20   7     0
17    10    6    20   7     0
18    10    7    13   8     0
19    10    11    13   8     0
20    10    12    13   8     0
21    11    6    20   7     0
22    11    7    20   7     0
23    11    11    20   7     0
24    11    12    20   7     0
25    12    6    18   11     0
26    12    7    18   11     0
27    12    11    18   11     0
28    12    12    18   11     0
29    13    6    18   11     0
30    13    7    18   11     0
31    13    11    18   11     0
32    13    12    18   11     0
33    14    6    18   11     0
34    14    7    18   11     0
35    14    11    18   11     0
36    14    12    18   11     0
37    15    6    15   1     0
38    15    7    15   1     0
39    15    11    15   1     0
40    15    12    15   1     0
41    16    6    15   1     0
42    16    7    15   1     0
43    16    11    15   1     0
44    16    12    15   1     0
45    17    6    17   5     0
46    17    7    17   5     0
47    17    11    17   5     0
48    17    12    17   5     0
49    6    20    13   8     0
50    6    21    6   8     0
51    6    25    0   9     0
52    6    26    0   2     0
53    7    20    13   8     0
54    7    21    14   2     0
55    7    25    12   4     0
56    7    26    12   4     0
57    8    20    13   8     0
58    8    21    13   8     0
59    8    25    13   8     0
60    8    26    13   8     0
61    9    20    20   7     0
62    9    21    20   7     0
63    9    25    20   7     0
64    9    26    20   7     0
65    10    20    13   8     0
66    10    21    13   8     0
67    10    25    13   8     0
68    10    26    13   8     0
69    11    20    20   7     0
70    11    21    20   7     0
71    11    25    20   7     0
72    11    26    20   7     0
73    12    20    18   11     0
74    12    21    8   10     0
75    12    25    8   10     0
76    12    26    8   10     0
77    13    20    18   11     0
78    13    21    18   11     0
79    13    25    18   11     0
80    13    26    11   3     0
81    14    20    18   11     0
82    14    21    18   11     0
83    14    25    18   11     0
84    14    26    18   11     0
85    15    20    15   1     0
86    15    21    15   1     0
87    15    25    15   1     0
88    15    26    5   1     0
89    16    20    15   1     0
90    16    21    15   1     0
91    16    25    19   12     0
92    16    26    19   12     0
93    17    20    15   1     0
94    17    21    15   1     0
95    17    25    15   1     0
96    17    26    15   1     0
97    6    34    0   3     0
98    6    35    0   3     0
99    6    39    0   3     0
100    6    40    0   3     0
101    7    34    12   4     0
102    7    35    19   12     0
103    7    39    12   4     0
104    7    40    12   4     0
105    8    34    13   8     0
106    8    35    13   8     0
107    8    39    13   8     0
108    8    40    13   8     0
109    9    34    20   7     0
110    9    35    20   7     0
111    9    39    20   7     0
112    9    40    20   7     0
113    10    34    13   8     0
114    10    35    20   7     0
115    10    39    20   7     0
116    10    40    20   7     0
117    11    34    20   7     0
118    11    35    20   7     0
119    11    39    20   7     0
120    11    40    20   7     0
121    12    34    8   10     0
122    12    35    18   11     0
123    12    39    3   11     0
124    12    40    20   7     0
125    13    34    11   3     0
126    13    35    11   3     0
127    13    39    11   3     0
128    13    40    11   3     0
129    14    34    18   11     0
130    14    35    18   11     0
131    14    39    18   11     0
132    14    40    18   11     0
133    15    34    18   11     0
134    15    35    18   11     0
135    15    39    18   11     0
136    15    40    18   11     0
137    16    34    19   12     0
138    16    35    19   12     0
139    16    39    15   1     0
140    16    40    15   1     0
141    17    34    15   1     0
142    17    35    15   1     0
143    17    39    15   1     0
144    17    40    15   1     0
145    25    6    8   10     0
146    25    7    8   10     0
147    25    11    7   10     0
148    25    12    15   1     0
149    26    6    8   10     0
150    26    7    8   10     0
151    26    11    8   10     0
152    26    12    8   10     0
153    27    6    15   1     0
154    27    7    15   1     0
155    27    11    8   10     0
156    27    12    8   10     0
157    28    6    8   10     0
158    28    7    8   10     0
159    28    11    8   10     0
160    28    12    8   10     0
161    29    6    16   6     0
162    29    7    16   6     0
163    29    11    16   6     0
164    29    12    16   6     0
165    30    6    16   6     0
166    30    7    16   6     0
167    30    11    16   6     0
168    30    12    16   6     0
169    31    6    16   6     0
170    31    7    16   6     0
171    31    11    16   6     0
172    31    12    12   4     0
173    32    6    11   3     0
174    32    7    11   3     0
175    32    11    11   3     0
176    32    12    7   3     0
177    33    6    11   3     0
178    33    7    11   3     0
179    33    11    11   3     0
180    33    12    11   3     0
181    34    6    11   3     0
182    34    7    11   3     0
183    34    11    11   3     0
184    34    12    14   2     0
185    35    6    3   4     0
186    35    7    11   3     0
187    35    11    14   2     0
188    35    12    14   2     0
189    36    6    12   4     0
190    36    7    12   4     0
191    36    11    12   4     0
192    36    12    12   4     0
193    25    20    15   1     0
194    25    21    15   1     0
195    25    25    15   1     0
196    25    26    15   1     0
197    26    20    8   10     0
198    26    21    8   10     0
199    26    25    8   10     0
200    26    26    8   10     0
201    27    20    8   10     0
202    27    21    8   10     0
203    27    25    8   10     0
204    27    26    8   10     0
205    28    20    8   10     0
206    28    21    8   10     0
207    28    25    8   10     0
208    28    26    8   10     0
209    29    20    16   6     0
210    29    21    16   6     0
211    29    25    16   6     0
212    29    26    16   6     0
213    30    20    16   6     0
214    30    21    16   6     0
215    30    25    16   6     0
216    30    26    16   6     0
217    31    20    16   6     0
218    31    21    16   6     0
219    31    25    16   6     0
220    31    26    16   6     0
221    32    20    12   4     0
222    32    21    16   6     0
223    32    25    16   6     0
224    32    26    16   6     0
225    33    20    11   3     0
226    33    21    11   3     0
227    33    25    11   3     0
228    33    26    11   3     0
229    34    20    14   2     0
230    34    21    14   2     0
231    34    25    11   3     0
232    34    26    11   3     0
233    35    20    14   2     0
234    35    21    11   3     0
235    35    25    11   3     0
236    35    26    11   3     0
237    36    20    12   4     0
238    36    21    12   4     0
239    36    25    12   4     0
240    36    26    12   4     0
241    25    34    15   1     0
242    25    35    17   5     0
243    25    39    17   5     0
244    25    40    17   5     0
245    26    34    8   10     0
246    26    35    8   10     0
247    26    39    8   10     0
248    26    40    8   10     0
249    27    34    8   10     0
250    27    35    8   10     0
251    27    39    8   10     0
252    27    40    8   10     0
253    28    34    8   10     0
254    28    35    8   10     0
255    28    39    8   10     0
256    28    40    8   10     0
257    29    34    16   6     0
258    29    35    16   6     0
259    29    39    16   6     0
260    29    40    3   6     0
261    30    34    16   6     0
262    30    35    16   6     0
263    30    39    16   6     0
264    30    40    16   6     0
265    31    34    16   6     0
266    31    35    16   6     0
267    31    39    16   6     0
268    31    40    16   6     0
269    32    34    16   6     0
270    32    35    16   6     0
271    32    39    16   6     0
272    32    40    16   6     0
273    33    34    11   3     0
274    33    35    11   3     0
275    33    39    11   3     0
276    33    40    11   3     0
277    34    34    11   3     0
278    34    35    11   3     0
279    34    39    11   3     0
280    34    40    11   3     0
281    35    34    11   3     0
282    35    35    11   3     0
283    35    39    11   3     0
284    35    40    11   3     0
285    36    34    12   4     0
286    36    35    12   4     0
287    36    39    12   4     0
288    36    40    12   4     0
289    44    6    12   4     0
290    44    7    19   12     0
291    44    11    19   12     0
292    44    12    19   12     0
293    45    6    14   2     0
294    45    7    6   2     0
295    45    11    12   4     0
296    45    12    12   4     0
297    46    6    17   5     0
298    46    7    17   5     0
299    46    11    14   2     0
300    46    12    14   2     0
301    47    6    14   2     0
302    47    7    14   2     0
303    47    11    14   2     0
304    47    12    14   2     0
305    48    6    17   5     0
306    48    7    17   5     0
307    48    11    17   5     0
308    48    12    17   5     0
309    49    6    17   5     0
310    49    7    17   5     0
311    49    11    17   5     0
312    49    12    17   5     0
313    50    6    19   12     0
314    50    7    19   12     0
315    50    11    11   12     0
316    50    12    17   5     0
317    51    6    19   12     0
318    51    7    19   12     0
319    51    11    19   12     0
320    51    12    19   12     0
321    52    6    20   7     0
322    52    7    20   7     0
323    52    11    20   7     0
324    52    12    20   7     0
325    53    6    9   9     0
326    53    7    9   9     0
327    53    11    9   9     0
328    53    12    9   9     0
329    54    6    9   9     0
330    54    7    9   9     0
331    54    11    9   9     0
332    54    12    9   9     0
333    55    6    9   9     0
334    55    7    9   9     0
335    55    11    9   9     0
336    55    12    9   9     0
337    44    20    12   4     0
338    44    21    12   4     0
339    44    25    12   4     0
340    44    26    12   4     0
341    45    20    12   4     0
342    45    21    12   4     0
343    45    25    12   4     0
344    45    26    12   4     0
345    46    20    14   2     0
346    46    21    14   2     0
347    46    25    14   2     0
348    46    26    14   2     0
349    47    20    14   2     0
350    47    21    14   2     0
351    47    25    14   2     0
352    47    26    14   2     0
353    48    20    17   5     0
354    48    21    1   5     0
355    48    25    14   2     0
356    48    26    14   2     0
357    49    20    17   5     0
358    49    21    17   5     0
359    49    25    17   5     0
360    49    26    17   5     0
361    50    20    17   5     0
362    50    21    17   5     0
363    50    25    17   5     0
364    50    26    17   5     0
365    51    20    19   12     0
366    51    21    19   12     0
367    51    25    19   12     0
368    51    26    19   12     0
369    52    20    19   12     0
370    52    21    19   12     0
371    52    25    19   12     0
372    52    26    19   12     0
373    53    20    9   9     0
374    53    21    7   9     0
375    53    25    20   7     0
376    53    26    20   7     0
377    54    20    9   9     0
378    54    21    9   9     0
379    54    25    9   9     0
380    54    26    9   9     0
381    55    20    9   9     0
382    55    21    9   9     0
383    55    25    9   9     0
384    55    26    9   9     0
385    44    34    12   4     0
386    44    35    12   4     0
387    44    39    12   4     0
388    44    40    12   4     0
389    45    34    12   4     0
390    45    35    12   4     0
391    45    39    12   4     0
392    45    40    12   4     0
393    46    34    14   2     0
394    46    35    14   2     0
395    46    39    14   2     0
396    46    40    14   2     0
397    47    34    14   2     0
398    47    35    14   2     0
399    47    39    14   2     0
400    47    40    17   5     0
401    48    34    14   2     0
402    48    35    14   2     0
403    48    39    14   2     0
404    48    40    14   2     0
405    49    34    17   5     0
406    49    35    17   5     0
407    49    39    17   5     0
408    49    40    17   5     0
409    50    34    17   5     0
410    50    35    17   5     0
411    50    39    17   5     0
412    50    40    17   5     0
413    51    34    19   12     0
414    51    35    19   12     0
415    51    39    19   12     0
416    51    40    19   12     0
417    52    34    19   12     0
418    52    35    19   12     0
419    52    39    19   12     0
420    52    40    19   12     0
421    53    34    20   7     0
422    53    35    20   7     0
423    53    39    20   7     0
424    53    40    20   7     0
425    54    34    9   9     0
426    54    35    9   9     0
427    54    39    9   9     0
428    54    40    9   9     0
429    55    34    9   9     0
430    55    35    9   9     0
431    55    39    9   9     0
432    55    40    9   9     0
