1    6    6    14   2     0
2    6    7    19   12     0
3    6    11    9   9     0
4    6    12    9   9     0
5    7    6    17   5     0
6    7    7    17   5     0
7    7    11    15   1     0
8    7    12    15   1     0
9    8    6    14   2     0
10    8    7    14   2     0
11    8    11    14   2     0
12    8    12    14   2     0
13    9    6    14   2     0
14    9    7    14   2     0
15    9    11    14   2     0
16    9    12    14   2     0
17    10    6    8   10     0
18    10    7    8   10     0
19    10    11    8   10     0
20    10    12    13   8     0
21    11    6    14   2     0
22    11    7    14   2     0
23    11    11    14   2     0
24    11    12    14   2     0
25    12    6    9   9     0
26    12    7    9   9     0
27    12    11    9   9     0
28    12    12    9   9     0
29    13    6    9   9     0
30    13    7    9   9     0
31    13    11    9   9     0
32    13    12    9   9     0
33    14    6    20   7     0
34    14    7    14   2     0
35    14    11    14   2     0
36    14    12    14   2     0
37    15    6    20   7     0
38    15    7    20   7     0
39    15    11    20   7     0
40    15    12    20   7     0
41    16    6    11   3     0
42    16    7    17   5     0
43    16    11    17   5     0
44    16    12    20   7     0
45    17    6    20   7     0
46    17    7    20   7     0
47    17    11    20   7     0
48    17    12    17   5     0
49    6    20    6   2     0
50    6    21    0   9     0
51    6    25    0   9     0
52    6    26    0   2     0
53    7    20    14   2     0
54    7    21    9   9     0
55    7    25    9   9     0
56    7    26    9   9     0
57    8    20    15   1     0
58    8    21    14   2     0
59    8    25    15   1     0
60    8    26    15   1     0
61    9    20    14   2     0
62    9    21    14   2     0
63    9    25    14   2     0
64    9    26    14   2     0
65    10    20    13   8     0
66    10    21    13   8     0
67    10    25    13   8     0
68    10    26    13   8     0
69    11    20    14   2     0
70    11    21    14   2     0
71    11    25    14   2     0
72    11    26    8   10     0
73    12    20    9   9     0
74    12    21    6   9     0
75    12    25    14   2     0
76    12    26    14   2     0
77    13    20    9   9     0
78    13    21    9   9     0
79    13    25    9   9     0
80    13    26    9   9     0
81    14    20    20   7     0
82    14    21    20   7     0
83    14    25    2   7     0
84    14    26    9   9     0
85    15    20    11   3     0
86    15    21    11   3     0
87    15    25    20   7     0
88    15    26    20   7     0
89    16    20    20   7     0
90    16    21    20   7     0
91    16    25    20   7     0
92    16    26    20   7     0
93    17    20    17   5     0
94    17    21    17   5     0
95    17    25    17   5     0
96    17    26    17   5     0
97    6    34    0   3     0
98    6    35    0   3     0
99    6    39    0   3     0
100    6    40    0   3     0
101    7    34    9   9     0
102    7    35    14   2     0
103    7    39    19   12     0
104    7    40    9   9     0
105    8    34    17   5     0
106    8    35    17   5     0
107    8    39    17   5     0
108    8    40    17   5     0
109    9    34    14   2     0
110    9    35    14   2     0
111    9    39    14   2     0
112    9    40    14   2     0
113    10    34    8   10     0
114    10    35    8   10     0
115    10    39    8   10     0
116    10    40    8   10     0
117    11    34    8   10     0
118    11    35    8   10     0
119    11    39    8   10     0
120    11    40    8   10     0
121    12    34    14   2     0
122    12    35    14   2     0
123    12    39    14   2     0
124    12    40    14   2     0
125    13    34    9   9     0
126    13    35    9   9     0
127    13    39    9   9     0
128    13    40    9   9     0
129    14    34    9   9     0
130    14    35    9   9     0
131    14    39    9   9     0
132    14    40    9   9     0
133    15    34    20   7     0
134    15    35    20   7     0
135    15    39    20   7     0
136    15    40    19   12     0
137    16    34    20   7     0
138    16    35    20   7     0
139    16    39    20   7     0
140    16    40    20   7     0
141    17    34    11   3     0
142    17    35    11   3     0
143    17    39    11   3     0
144    17    40    11   3     0
145    25    6    11   3     0
146    25    7    11   3     0
147    25    11    11   3     0
148    25    12    11   3     0
149    26    6    11   3     0
150    26    7    11   3     0
151    26    11    11   3     0
152    26    12    11   3     0
153    27    6    11   3     0
154    27    7    11   3     0
155    27    11    11   3     0
156    27    12    11   3     0
157    28    6    18   11     0
158    28    7    18   11     0
159    28    11    18   11     0
160    28    12    18   11     0
161    29    6    18   11     0
162    29    7    18   11     0
163    29    11    18   11     0
164    29    12    18   11     0
165    30    6    19   12     0
166    30    7    11   12     0
167    30    11    18   11     0
168    30    12    18   11     0
169    31    6    19   12     0
170    31    7    19   12     0
171    31    11    19   12     0
172    31    12    19   12     0
173    32    6    19   12     0
174    32    7    19   12     0
175    32    11    19   12     0
176    32    12    19   12     0
177    33    6    20   7     0
178    33    7    15   1     0
179    33    11    15   1     0
180    33    12    15   1     0
181    34    6    15   1     0
182    34    7    15   1     0
183    34    11    15   1     0
184    34    12    15   1     0
185    35    6    15   1     0
186    35    7    15   1     0
187    35    11    15   1     0
188    35    12    15   1     0
189    36    6    12   4     0
190    36    7    12   4     0
191    36    11    12   4     0
192    36    12    12   4     0
193    25    20    11   3     0
194    25    21    8   3     0
195    25    25    20   7     0
196    25    26    20   7     0
197    26    20    11   3     0
198    26    21    11   3     0
199    26    25    11   3     0
200    26    26    11   3     0
201    27    20    13   8     0
202    27    21    13   8     0
203    27    25    13   8     0
204    27    26    13   8     0
205    28    20    18   11     0
206    28    21    18   11     0
207    28    25    18   11     0
208    28    26    5   11     0
209    29    20    18   11     0
210    29    21    18   11     0
211    29    25    18   11     0
212    29    26    18   11     0
213    30    20    18   11     0
214    30    21    18   11     0
215    30    25    18   11     0
216    30    26    18   11     0
217    31    20    19   12     0
218    31    21    19   12     0
219    31    25    19   12     0
220    31    26    19   12     0
221    32    20    19   12     0
222    32    21    19   12     0
223    32    25    19   12     0
224    32    26    19   12     0
225    33    20    15   1     0
226    33    21    15   1     0
227    33    25    15   1     0
228    33    26    15   1     0
229    34    20    20   7     0
230    34    21    20   7     0
231    34    25    20   7     0
232    34    26    20   7     0
233    35    20    15   1     0
234    35    21    15   1     0
235    35    25    15   1     0
236    35    26    15   1     0
237    36    20    12   4     0
238    36    21    12   4     0
239    36    25    12   4     0
240    36    26    12   4     0
241    25    34    20   7     0
242    25    35    20   7     0
243    25    39    20   7     0
244    25    40    20   7     0
245    26    34    11   3     0
246    26    35    11   3     0
247    26    39    11   3     0
248    26    40    11   3     0
249    27    34    16   6     0
250    27    35    16   6     0
251    27    39    16   6     0
252    27    40    11   3     0
253    28    34    11   3     0
254    28    35    11   3     0
255    28    39    11   3     0
256    28    40    11   3     0
257    29    34    18   11     0
258    29    35    18   11     0
259    29    39    18   11     0
260    29    40    18   11     0
261    30    34    18   11     0
262    30    35    18   11     0
263    30    39    18   11     0
264    30    40    18   11     0
265    31    34    19   12     0
266    31    35    19   12     0
267    31    39    19   12     0
268    31    40    19   12     0
269    32    34    19   12     0
270    32    35    19   12     0
271    32    39    19   12     0
272    32    40    19   12     0
273    33    34    15   1     0
274    33    35    5   1     0
275    33    39    19   12     0
276    33    40    19   12     0
277    34    34    20   7     0
278    34    35    20   7     0
279    34    39    20   7     0
280    34    40    20   7     0
281    35    34    15   1     0
282    35    35    15   1     0
283    35    39    15   1     0
284    35    40    15   1     0
285    36    34    12   4     0
286    36    35    3   4     0
287    36    39    15   1     0
288    36    40    15   1     0
289    44    6    12   4     0
290    44    7    12   4     0
291    44    11    12   4     0
292    44    12    12   4     0
293    45    6    12   4     0
294    45    7    12   4     0
295    45    11    12   4     0
296    45    12    12   4     0
297    46    6    13   8     0
298    46    7    13   8     0
299    46    11    13   8     0
300    46    12    13   8     0
301    47    6    13   8     0
302    47    7    13   8     0
303    47    11    13   8     0
304    47    12    13   8     0
305    48    6    8   10     0
306    48    7    8   10     0
307    48    11    8   10     0
308    48    12    8   10     0
309    49    6    8   10     0
310    49    7    8   10     0
311    49    11    8   10     0
312    49    12    8   10     0
313    50    6    17   5     0
314    50    7    17   5     0
315    50    11    1   5     0
316    50    12    8   10     0
317    51    6    17   5     0
318    51    7    17   5     0
319    51    11    17   5     0
320    51    12    17   5     0
321    52    6    16   6     0
322    52    7    16   6     0
323    52    11    17   5     0
324    52    12    17   5     0
325    53    6    16   6     0
326    53    7    16   6     0
327    53    11    16   6     0
328    53    12    15   6     0
329    54    6    16   6     0
330    54    7    16   6     0
331    54    11    16   6     0
332    54    12    16   6     0
333    55    6    16   6     0
334    55    7    16   6     0
335    55    11    16   6     0
336    55    12    16   6     0
337    44    20    12   4     0
338    44    21    12   4     0
339    44    25    12   4     0
340    44    26    12   4     0
341    45    20    12   4     0
342    45    21    12   4     0
343    45    25    12   4     0
344    45    26    12   4     0
345    46    20    4   8     0
346    46    21    12   4     0
347    46    25    12   4     0
348    46    26    12   4     0
349    47    20    13   8     0
350    47    21    13   8     0
351    47    25    13   8     0
352    47    26    13   8     0
353    48    20    8   10     0
354    48    21    8   10     0
355    48    25    8   10     0
356    48    26    8   10     0
357    49    20    8   10     0
358    49    21    8   10     0
359    49    25    8   10     0
360    49    26    8   10     0
361    50    20    8   10     0
362    50    21    11   3     0
363    50    25    11   3     0
364    50    26    11   3     0
365    51    20    17   5     0
366    51    21    17   5     0
367    51    25    17   5     0
368    51    26    17   5     0
369    52    20    17   5     0
370    52    21    17   5     0
371    52    25    17   5     0
372    52    26    17   5     0
373    53    20    16   6     0
374    53    21    16   6     0
375    53    25    16   6     0
376    53    26    16   6     0
377    54    20    16   6     0
378    54    21    16   6     0
379    54    25    16   6     0
380    54    26    16   6     0
381    55    20    16   6     0
382    55    21    16   6     0
383    55    25    16   6     0
384    55    26    16   6     0
385    44    34    12   4     0
386    44    35    12   4     0
387    44    39    12   4     0
388    44    40    12   4     0
389    45    34    12   4     0
390    45    35    12   4     0
391    45    39    12   4     0
392    45    40    12   4     0
393    46    34    12   4     0
394    46    35    12   4     0
395    46    39    12   4     0
396    46    40    12   4     0
397    47    34    13   8     0
398    47    35    13   8     0
399    47    39    13   8     0
400    47    40    13   8     0
401    48    34    8   10     0
402    48    35    8   10     0
403    48    39    8   10     0
404    48    40    6   10     0
405    49    34    8   10     0
406    49    35    8   10     0
407    49    39    8   10     0
408    49    40    8   10     0
409    50    34    11   3     0
410    50    35    8   10     0
411    50    39    8   10     0
412    50    40    8   10     0
413    51    34    17   5     0
414    51    35    17   5     0
415    51    39    17   5     0
416    51    40    17   5     0
417    52    34    17   5     0
418    52    35    17   5     0
419    52    39    17   5     0
420    52    40    17   5     0
421    53    34    16   6     0
422    53    35    16   6     0
423    53    39    16   6     0
424    53    40    16   6     0
425    54    34    16   6     0
426    54    35    16   6     0
427    54    39    16   6     0
428    54    40    16   6     0
429    55    34    16   6     0
430    55    35    16   6     0
431    55    39    16   6     0
432    55    40    16   6     0
