1    6    6    13   15     0
2    6    7    9   18     0
3    6    11    5   9     0
4    6    12    13   6     0
5    7    6    8   5     0
6    7    7    8   20     0
7    7    11    8   8     0
8    7    12    5   9     0
9    8    6    5   9     0
10    8    7    11   7     0
11    8    11    7   10     0
12    8    12    8   11     0
13    9    6    9   18     0
14    9    7    13   17     0
15    9    11    16   3     0
16    9    12    8   5     0
17    10    6    11   7     0
18    10    7    7   10     0
19    10    11    13   15     0
20    10    12    10   19     0
21    11    6    11   4     0
22    11    7    13   14     0
23    11    11    8   8     0
24    11    12    13   15     0
25    12    6    7   12     0
26    12    7    11   2     0
27    12    11    9   18     0
28    12    12    8   11     0
29    13    6    11   4     0
30    13    7    7   16     0
31    13    11    10   19     0
32    13    12    13   6     0
33    14    6    13   17     0
34    14    7    9   13     0
35    14    11    9   18     0
36    14    12    16   3     0
37    15    6    8   20     0
38    15    7    10   19     0
39    15    11    11   7     0
40    15    12    8   20     0
41    16    6    9   13     0
42    16    7    9   13     0
43    16    11    11   4     0
44    16    12    16   3     0
45    17    6    5   9     0
46    17    7    11   7     0
47    17    11    8   20     0
48    17    12    13   15     0
49    6    20    13   14     0
50    6    21    9   18     0
51    6    25    11   2     0
52    6    26    9   13     0
53    7    20    13   6     0
54    7    21    10   19     0
55    7    25    9   18     0
56    7    26    11   1     0
57    8    20    13   14     0
58    8    21    11   7     0
59    8    25    8   8     0
60    8    26    7   12     0
61    9    20    11   7     0
62    9    21    11   4     0
63    9    25    13   17     0
64    9    26    13   14     0
65    10    20    5   9     0
66    10    21    8   11     0
67    10    25    5   9     0
68    10    26    9   18     0
69    11    20    16   3     0
70    11    21    7   12     0
71    11    25    5   9     0
72    11    26    11   4     0
73    12    20    9   13     0
74    12    21    11   7     0
75    12    25    7   10     0
76    12    26    11   1     0
77    13    20    13   17     0
78    13    21    7   12     0
79    13    25    9   18     0
80    13    26    7   10     0
81    14    20    11   4     0
82    14    21    8   20     0
83    14    25    8   8     0
84    14    26    13   15     0
85    15    20    7   10     0
86    15    21    13   15     0
87    15    25    7   10     0
88    15    26    16   3     0
89    16    20    16   3     0
90    16    21    10   19     0
91    16    25    13   15     0
92    16    26    7   12     0
93    17    20    16   3     0
94    17    21    9   13     0
95    17    25    10   19     0
96    17    26    8   11     0
97    6    34    13   14     0
98    6    35    10   19     0
99    6    39    9   13     0
100    6    40    8   11     0
101    7    34    8   11     0
102    7    35    11   1     0
103    7    39    11   1     0
104    7    40    13   6     0
105    8    34    8   20     0
106    8    35    11   7     0
107    8    39    11   7     0
108    8    40    7   16     0
109    9    34    8   8     0
110    9    35    13   6     0
111    9    39    7   16     0
112    9    40    7   10     0
113    10    34    10   19     0
114    10    35    8   20     0
115    10    39    11   2     0
116    10    40    7   12     0
117    11    34    11   1     0
118    11    35    10   19     0
119    11    39    8   20     0
120    11    40    8   20     0
121    12    34    11   2     0
122    12    35    5   9     0
123    12    39    13   15     0
124    12    40    11   7     0
125    13    34    11   4     0
126    13    35    8   5     0
127    13    39    13   14     0
128    13    40    5   9     0
129    14    34    11   2     0
130    14    35    11   1     0
131    14    39    8   20     0
132    14    40    7   16     0
133    15    34    9   13     0
134    15    35    11   2     0
135    15    39    5   9     0
136    15    40    13   14     0
137    16    34    13   6     0
138    16    35    8   20     0
139    16    39    13   14     0
140    16    40    9   18     0
141    17    34    8   20     0
142    17    35    10   19     0
143    17    39    8   11     0
144    17    40    9   13     0
145    6    48    8   11     0
146    6    49    13   6     0
147    6    53    8   8     0
148    6    54    13   14     0
149    7    48    11   4     0
150    7    49    11   4     0
151    7    53    11   7     0
152    7    54    11   1     0
153    8    48    13   17     0
154    8    49    7   12     0
155    8    53    9   18     0
156    8    54    9   13     0
157    9    48    7   16     0
158    9    49    7   10     0
159    9    53    8   20     0
160    9    54    9   13     0
161    10    48    13   17     0
162    10    49    11   1     0
163    10    53    11   2     0
164    10    54    16   3     0
165    11    48    8   11     0
166    11    49    7   12     0
167    11    53    11   4     0
168    11    54    11   7     0
169    12    48    7   16     0
170    12    49    11   4     0
171    12    53    16   3     0
172    12    54    13   14     0
173    13    48    5   9     0
174    13    49    8   5     0
175    13    53    13   15     0
176    13    54    11   7     0
177    14    48    9   13     0
178    14    49    7   12     0
179    14    53    8   5     0
180    14    54    8   11     0
181    15    48    7   16     0
182    15    49    7   16     0
183    15    53    11   1     0
184    15    54    10   19     0
185    16    48    11   2     0
186    16    49    13   15     0
187    16    53    8   11     0
188    16    54    13   17     0
189    17    48    7   10     0
190    17    49    13   14     0
191    17    53    13   14     0
192    17    54    10   19     0
193    6    62    8   8     0
194    6    63    8   11     0
195    6    67    11   4     0
196    6    68    13   14     0
197    7    62    13   15     0
198    7    63    13   6     0
199    7    67    16   3     0
200    7    68    8   11     0
201    8    62    11   7     0
202    8    63    7   12     0
203    8    67    5   9     0
204    8    68    11   7     0
205    9    62    13   14     0
206    9    63    7   12     0
207    9    67    7   12     0
208    9    68    8   8     0
209    10    62    16   3     0
210    10    63    8   8     0
211    10    67    10   19     0
212    10    68    5   9     0
213    11    62    13   15     0
214    11    63    10   19     0
215    11    67    8   20     0
216    11    68    11   4     0
217    12    62    8   11     0
218    12    63    13   15     0
219    12    67    13   17     0
220    12    68    11   2     0
221    13    62    11   7     0
222    13    63    11   2     0
223    13    67    16   3     0
224    13    68    9   13     0
225    14    62    13   14     0
226    14    63    11   2     0
227    14    67    9   13     0
228    14    68    8   20     0
229    15    62    8   5     0
230    15    63    9   13     0
231    15    67    11   7     0
232    15    68    8   11     0
233    16    62    13   17     0
234    16    63    11   7     0
235    16    67    13   14     0
236    16    68    13   14     0
237    17    62    7   16     0
238    17    63    13   6     0
239    17    67    11   7     0
240    17    68    16   3     0
241    6    76    8   8     0
242    6    77    11   2     0
243    6    81    7   12     0
244    6    82    13   15     0
245    7    76    13   6     0
246    7    77    11   2     0
247    7    81    11   2     0
248    7    82    11   2     0
249    8    76    13   14     0
250    8    77    13   14     0
251    8    81    13   14     0
252    8    82    11   1     0
253    9    76    11   7     0
254    9    77    11   7     0
255    9    81    11   4     0
256    9    82    9   13     0
257    10    76    11   7     0
258    10    77    13   14     0
259    10    81    9   18     0
260    10    82    13   6     0
261    11    76    7   12     0
262    11    77    8   5     0
263    11    81    8   5     0
264    11    82    7   16     0
265    12    76    5   9     0
266    12    77    9   18     0
267    12    81    7   10     0
268    12    82    9   18     0
269    13    76    13   14     0
270    13    77    8   5     0
271    13    81    16   3     0
272    13    82    11   4     0
273    14    76    11   7     0
274    14    77    13   17     0
275    14    81    11   4     0
276    14    82    8   5     0
277    15    76    7   12     0
278    15    77    11   2     0
279    15    81    8   5     0
280    15    82    11   4     0
281    16    76    8   8     0
282    16    77    13   6     0
283    16    81    8   20     0
284    16    82    13   15     0
285    17    76    8   20     0
286    17    77    11   2     0
287    17    81    7   10     0
288    17    82    16   3     0
289    25    6    13   17     0
290    25    7    13   17     0
291    25    11    7   16     0
292    25    12    13   14     0
293    26    6    9   13     0
294    26    7    13   17     0
295    26    11    8   20     0
296    26    12    13   14     0
297    27    6    16   3     0
298    27    7    7   10     0
299    27    11    11   1     0
300    27    12    13   15     0
301    28    6    10   19     0
302    28    7    9   13     0
303    28    11    8   5     0
304    28    12    8   11     0
305    29    6    11   1     0
306    29    7    13   14     0
307    29    11    11   7     0
308    29    12    11   7     0
309    30    6    13   6     0
310    30    7    7   10     0
311    30    11    13   17     0
312    30    12    11   2     0
313    31    6    7   10     0
314    31    7    11   2     0
315    31    11    11   2     0
316    31    12    13   15     0
317    32    6    8   11     0
318    32    7    10   19     0
319    32    11    13   17     0
320    32    12    11   2     0
321    33    6    13   15     0
322    33    7    16   3     0
323    33    11    7   16     0
324    33    12    8   8     0
325    34    6    8   5     0
326    34    7    13   15     0
327    34    11    8   11     0
328    34    12    10   19     0
329    35    6    13   6     0
330    35    7    13   14     0
331    35    11    5   9     0
332    35    12    11   4     0
333    36    6    9   18     0
334    36    7    11   7     0
335    36    11    7   16     0
336    36    12    11   4     0
337    25    20    13   14     0
338    25    21    7   16     0
339    25    25    5   9     0
340    25    26    5   9     0
341    26    20    7   16     0
342    26    21    9   18     0
343    26    25    11   4     0
344    26    26    8   5     0
345    27    20    7   10     0
346    27    21    13   6     0
347    27    25    16   3     0
348    27    26    7   10     0
349    28    20    5   9     0
350    28    21    8   11     0
351    28    25    11   4     0
352    28    26    7   12     0
353    29    20    10   19     0
354    29    21    13   15     0
355    29    25    7   16     0
356    29    26    8   8     0
357    30    20    13   14     0
358    30    21    13   6     0
359    30    25    13   14     0
360    30    26    13   6     0
361    31    20    11   2     0
362    31    21    16   3     0
363    31    25    7   12     0
364    31    26    11   1     0
365    32    20    8   20     0
366    32    21    8   11     0
367    32    25    13   15     0
368    32    26    10   19     0
369    33    20    7   16     0
370    33    21    7   16     0
371    33    25    7   16     0
372    33    26    7   12     0
373    34    20    11   2     0
374    34    21    5   9     0
375    34    25    5   9     0
376    34    26    7   16     0
377    35    20    8   8     0
378    35    21    13   14     0
379    35    25    5   9     0
380    35    26    10   19     0
381    36    20    8   20     0
382    36    21    9   18     0
383    36    25    13   15     0
384    36    26    13   14     0
385    25    34    8   5     0
386    25    35    9   13     0
387    25    39    11   7     0
388    25    40    8   20     0
389    26    34    11   1     0
390    26    35    11   1     0
391    26    39    7   12     0
392    26    40    13   15     0
393    27    34    8   5     0
394    27    35    16   3     0
395    27    39    11   7     0
396    27    40    7   16     0
397    28    34    8   8     0
398    28    35    8   20     0
399    28    39    8   8     0
400    28    40    10   19     0
401    29    34    13   14     0
402    29    35    8   20     0
403    29    39    7   16     0
404    29    40    5   9     0
405    30    34    8   11     0
406    30    35    11   7     0
407    30    39    11   7     0
408    30    40    7   12     0
409    31    34    5   9     0
410    31    35    7   10     0
411    31    39    11   1     0
412    31    40    8   8     0
413    32    34    7   12     0
414    32    35    8   5     0
415    32    39    8   5     0
416    32    40    7   10     0
417    33    34    8   11     0
418    33    35    13   14     0
419    33    39    13   14     0
420    33    40    13   14     0
421    34    34    13   17     0
422    34    35    8   11     0
423    34    39    7   12     0
424    34    40    8   11     0
425    35    34    8   11     0
426    35    35    9   13     0
427    35    39    13   6     0
428    35    40    11   4     0
429    36    34    16   3     0
430    36    35    11   2     0
431    36    39    11   2     0
432    36    40    7   16     0
433    25    48    11   7     0
434    25    49    16   3     0
435    25    53    13   6     0
436    25    54    7   10     0
437    26    48    11   2     0
438    26    49    13   14     0
439    26    53    13   6     0
440    26    54    11   7     0
441    27    48    7   10     0
442    27    49    8   20     0
443    27    53    11   4     0
444    27    54    11   4     0
445    28    48    7   12     0
446    28    49    11   4     0
447    28    53    8   20     0
448    28    54    8   5     0
449    29    48    8   8     0
450    29    49    5   9     0
451    29    53    9   13     0
452    29    54    7   12     0
453    30    48    8   5     0
454    30    49    9   18     0
455    30    53    11   7     0
456    30    54    13   14     0
457    31    48    9   18     0
458    31    49    9   13     0
459    31    53    11   4     0
460    31    54    7   12     0
461    32    48    16   3     0
462    32    49    8   8     0
463    32    53    11   1     0
464    32    54    13   14     0
465    33    48    13   6     0
466    33    49    10   19     0
467    33    53    11   4     0
468    33    54    11   4     0
469    34    48    13   17     0
470    34    49    9   13     0
471    34    53    8   11     0
472    34    54    11   1     0
473    35    48    5   9     0
474    35    49    13   17     0
475    35    53    7   12     0
476    35    54    7   10     0
477    36    48    16   3     0
478    36    49    7   16     0
479    36    53    11   4     0
480    36    54    10   19     0
481    25    62    8   20     0
482    25    63    8   11     0
483    25    67    7   16     0
484    25    68    7   12     0
485    26    62    9   18     0
486    26    63    9   18     0
487    26    67    9   18     0
488    26    68    9   18     0
489    27    62    8   11     0
490    27    63    11   1     0
491    27    67    11   4     0
492    27    68    8   5     0
493    28    62    13   6     0
494    28    63    11   1     0
495    28    67    8   8     0
496    28    68    7   16     0
497    29    62    13   6     0
498    29    63    7   12     0
499    29    67    8   20     0
500    29    68    8   11     0
501    30    62    10   19     0
502    30    63    9   18     0
503    30    67    8   5     0
504    30    68    13   15     0
505    31    62    11   2     0
506    31    63    10   19     0
507    31    67    10   19     0
508    31    68    13   14     0
509    32    62    8   5     0
510    32    63    8   11     0
511    32    67    13   15     0
512    32    68    8   8     0
513    33    62    11   1     0
514    33    63    11   7     0
515    33    67    11   2     0
516    33    68    16   3     0
517    34    62    13   14     0
518    34    63    10   19     0
519    34    67    11   2     0
520    34    68    11   2     0
521    35    62    16   3     0
522    35    63    11   7     0
523    35    67    10   19     0
524    35    68    10   19     0
525    36    62    11   7     0
526    36    63    10   19     0
527    36    67    13   6     0
528    36    68    11   7     0
529    25    76    5   9     0
530    25    77    13   15     0
531    25    81    7   12     0
532    25    82    11   7     0
533    26    76    9   18     0
534    26    77    7   12     0
535    26    81    8   8     0
536    26    82    16   3     0
537    27    76    10   19     0
538    27    77    13   6     0
539    27    81    9   18     0
540    27    82    7   16     0
541    28    76    13   17     0
542    28    77    11   4     0
543    28    81    8   11     0
544    28    82    8   11     0
545    29    76    9   13     0
546    29    77    7   16     0
547    29    81    13   17     0
548    29    82    8   5     0
549    30    76    7   16     0
550    30    77    9   13     0
551    30    81    7   12     0
552    30    82    13   14     0
553    31    76    11   4     0
554    31    77    8   11     0
555    31    81    8   20     0
556    31    82    8   20     0
557    32    76    16   3     0
558    32    77    5   9     0
559    32    81    7   10     0
560    32    82    11   2     0
561    33    76    13   15     0
562    33    77    10   19     0
563    33    81    10   19     0
564    33    82    13   17     0
565    34    76    11   2     0
566    34    77    11   2     0
567    34    81    11   2     0
568    34    82    11   2     0
569    35    76    16   3     0
570    35    77    13   15     0
571    35    81    11   7     0
572    35    82    13   17     0
573    36    76    13   17     0
574    36    77    11   4     0
575    36    81    13   6     0
576    36    82    13   6     0
577    44    6    11   2     0
578    44    7    8   8     0
579    44    11    11   2     0
580    44    12    11   2     0
581    45    6    8   20     0
582    45    7    11   1     0
583    45    11    10   19     0
584    45    12    7   12     0
585    46    6    10   19     0
586    46    7    8   20     0
587    46    11    8   20     0
588    46    12    11   4     0
589    47    6    7   12     0
590    47    7    11   1     0
591    47    11    8   5     0
592    47    12    11   4     0
593    48    6    13   6     0
594    48    7    13   15     0
595    48    11    5   9     0
596    48    12    7   10     0
597    49    6    7   10     0
598    49    7    11   4     0
599    49    11    7   10     0
600    49    12    7   10     0
601    50    6    11   7     0
602    50    7    13   14     0
603    50    11    11   1     0
604    50    12    8   20     0
605    51    6    10   19     0
606    51    7    9   18     0
607    51    11    11   4     0
608    51    12    11   1     0
609    52    6    8   5     0
610    52    7    13   14     0
611    52    11    13   15     0
612    52    12    11   7     0
613    53    6    7   12     0
614    53    7    11   2     0
615    53    11    10   19     0
616    53    12    11   1     0
617    54    6    8   20     0
618    54    7    8   8     0
619    54    11    13   15     0
620    54    12    7   12     0
621    55    6    10   19     0
622    55    7    10   19     0
623    55    11    5   9     0
624    55    12    13   14     0
625    44    20    9   18     0
626    44    21    8   8     0
627    44    25    10   19     0
628    44    26    11   4     0
629    45    20    8   5     0
630    45    21    10   19     0
631    45    25    13   14     0
632    45    26    10   19     0
633    46    20    9   13     0
634    46    21    13   14     0
635    46    25    11   7     0
636    46    26    8   8     0
637    47    20    7   10     0
638    47    21    11   7     0
639    47    25    7   10     0
640    47    26    13   17     0
641    48    20    16   3     0
642    48    21    13   6     0
643    48    25    13   17     0
644    48    26    7   12     0
645    49    20    9   13     0
646    49    21    13   14     0
647    49    25    8   5     0
648    49    26    8   20     0
649    50    20    16   3     0
650    50    21    13   14     0
651    50    25    8   20     0
652    50    26    11   4     0
653    51    20    7   16     0
654    51    21    13   15     0
655    51    25    8   11     0
656    51    26    13   14     0
657    52    20    13   14     0
658    52    21    8   11     0
659    52    25    13   14     0
660    52    26    5   9     0
661    53    20    9   13     0
662    53    21    11   7     0
663    53    25    11   1     0
664    53    26    13   6     0
665    54    20    11   1     0
666    54    21    7   16     0
667    54    25    11   2     0
668    54    26    13   14     0
669    55    20    9   18     0
670    55    21    8   20     0
671    55    25    8   5     0
672    55    26    13   6     0
673    44    34    9   13     0
674    44    35    13   14     0
675    44    39    11   1     0
676    44    40    8   5     0
677    45    34    11   7     0
678    45    35    9   18     0
679    45    39    9   13     0
680    45    40    16   3     0
681    46    34    9   13     0
682    46    35    8   20     0
683    46    39    7   10     0
684    46    40    11   7     0
685    47    34    8   8     0
686    47    35    7   16     0
687    47    39    11   4     0
688    47    40    10   19     0
689    48    34    13   15     0
690    48    35    9   18     0
691    48    39    8   8     0
692    48    40    11   1     0
693    49    34    13   14     0
694    49    35    8   8     0
695    49    39    8   11     0
696    49    40    7   12     0
697    50    34    16   3     0
698    50    35    13   15     0
699    50    39    13   6     0
700    50    40    10   19     0
701    51    34    16   3     0
702    51    35    9   18     0
703    51    39    13   6     0
704    51    40    10   19     0
705    52    34    13   6     0
706    52    35    13   6     0
707    52    39    9   13     0
708    52    40    13   15     0
709    53    34    11   2     0
710    53    35    8   5     0
711    53    39    13   17     0
712    53    40    9   13     0
713    54    34    13   14     0
714    54    35    10   19     0
715    54    39    8   11     0
716    54    40    8   20     0
717    55    34    8   8     0
718    55    35    13   17     0
719    55    39    9   18     0
720    55    40    7   10     0
721    44    48    13   15     0
722    44    49    13   6     0
723    44    53    11   4     0
724    44    54    11   7     0
725    45    48    9   18     0
726    45    49    7   12     0
727    45    53    11   4     0
728    45    54    13   15     0
729    46    48    7   10     0
730    46    49    7   12     0
731    46    53    8   20     0
732    46    54    16   3     0
733    47    48    13   14     0
734    47    49    8   11     0
735    47    53    11   2     0
736    47    54    11   7     0
737    48    48    11   4     0
738    48    49    7   12     0
739    48    53    10   19     0
740    48    54    8   20     0
741    49    48    9   18     0
742    49    49    11   1     0
743    49    53    9   18     0
744    49    54    11   1     0
745    50    48    13   15     0
746    50    49    8   20     0
747    50    53    11   4     0
748    50    54    8   20     0
749    51    48    11   4     0
750    51    49    8   8     0
751    51    53    13   14     0
752    51    54    7   10     0
753    52    48    7   10     0
754    52    49    13   14     0
755    52    53    5   9     0
756    52    54    5   9     0
757    53    48    9   13     0
758    53    49    8   5     0
759    53    53    11   1     0
760    53    54    7   12     0
761    54    48    8   8     0
762    54    49    11   7     0
763    54    53    13   15     0
764    54    54    7   12     0
765    55    48    13   6     0
766    55    49    10   19     0
767    55    53    8   11     0
768    55    54    13   15     0
769    44    62    11   7     0
770    44    63    13   14     0
771    44    67    8   11     0
772    44    68    13   17     0
773    45    62    8   5     0
774    45    63    13   14     0
775    45    67    13   6     0
776    45    68    11   7     0
777    46    62    13   15     0
778    46    63    13   17     0
779    46    67    9   18     0
780    46    68    13   17     0
781    47    62    13   14     0
782    47    63    8   5     0
783    47    67    10   19     0
784    47    68    7   12     0
785    48    62    9   18     0
786    48    63    9   13     0
787    48    67    8   5     0
788    48    68    10   19     0
789    49    62    7   12     0
790    49    63    10   19     0
791    49    67    8   20     0
792    49    68    7   16     0
793    50    62    7   10     0
794    50    63    8   5     0
795    50    67    11   2     0
796    50    68    8   5     0
797    51    62    8   20     0
798    51    63    11   7     0
799    51    67    11   7     0
800    51    68    11   7     0
801    52    62    11   2     0
802    52    63    7   10     0
803    52    67    16   3     0
804    52    68    8   11     0
805    53    62    11   2     0
806    53    63    16   3     0
807    53    67    8   5     0
808    53    68    11   2     0
809    54    62    9   18     0
810    54    63    9   18     0
811    54    67    11   4     0
812    54    68    13   6     0
813    55    62    13   15     0
814    55    63    13   15     0
815    55    67    13   14     0
816    55    68    13   15     0
817    44    76    10   19     0
818    44    77    8   20     0
819    44    81    11   4     0
820    44    82    11   4     0
821    45    76    13   17     0
822    45    77    7   16     0
823    45    81    8   20     0
824    45    82    8   5     0
825    46    76    7   16     0
826    46    77    13   15     0
827    46    81    7   10     0
828    46    82    7   12     0
829    47    76    13   14     0
830    47    77    13   6     0
831    47    81    8   8     0
832    47    82    16   3     0
833    48    76    11   1     0
834    48    77    8   5     0
835    48    81    7   10     0
836    48    82    13   17     0
837    49    76    7   16     0
838    49    77    13   14     0
839    49    81    9   18     0
840    49    82    11   1     0
841    50    76    7   12     0
842    50    77    10   19     0
843    50    81    7   10     0
844    50    82    13   6     0
845    51    76    11   7     0
846    51    77    13   17     0
847    51    81    11   7     0
848    51    82    13   14     0
849    52    76    8   11     0
850    52    77    13   15     0
851    52    81    11   7     0
852    52    82    13   14     0
853    53    76    9   18     0
854    53    77    11   1     0
855    53    81    11   2     0
856    53    82    7   12     0
857    54    76    8   5     0
858    54    77    8   8     0
859    54    81    10   19     0
860    54    82    10   19     0
861    55    76    10   19     0
862    55    77    8   8     0
863    55    81    8   5     0
864    55    82    8   11     0
