1	0	0	0	1
2	1	0	0	1
3	2	0	0	1
4	3	0	0	1
5	4	0	0	1
6	5	0	0	1
7	6	0	0	1
8	7	0	0	1
9	8	0	0	1
10	9	0	0	1
11	10	0	0	1
12	11	0	0	1
13	12	0	0	1
14	13	0	0	1
15	14	0	0	1
16	15	0	0	1
17	16	0	0	1
18	17	0	0	1
19	18	0	0	1
20	19	0	0	1
21	20	0	0	1
22	21	0	0	1
23	22	0	0	1
24	23	0	0	1
25	24	0	0	1
26	25	0	0	1
27	26	0	0	1
28	27	0	0	1
29	28	0	0	1
30	29	0	0	1
31	30	0	0	1
32	31	0	0	1
33	32	0	0	1
34	33	0	0	1
35	34	0	0	1
36	35	0	0	1
37	36	0	0	1
38	37	0	0	1
39	38	0	0	1
40	39	0	0	1
41	40	0	0	1
42	41	0	0	1
43	42	0	0	1
44	43	0	0	1
45	44	0	0	1
46	45	0	0	1
47	46	0	0	1
48	47	0	0	1
49	48	0	0	1
50	49	0	0	1
51	50	0	0	1
52	51	0	0	1
53	52	0	0	1
54	53	0	0	1
55	54	0	0	1
56	55	0	0	1
57	56	0	0	1
58	57	0	0	1
59	58	0	0	1
60	59	0	0	1
61	60	0	0	1
62	61	0	0	1
63	62	0	0	1
64	63	0	0	1
65	64	0	0	1
66	65	0	0	1
67	66	0	0	1
68	67	0	0	1
69	68	0	0	1
70	69	0	0	1
71	70	0	0	1
72	71	0	0	1
73	72	0	0	1
74	73	0	0	1
75	74	0	0	1
76	75	0	0	1
77	0	1	0	1
78	1	1	1	0
79	2	1	1	0
80	3	1	1	0
81	4	1	1	0
82	5	1	1	0
83	6	1	1	0
84	7	1	1	0
85	8	1	1	0
86	9	1	1	0
87	10	1	1	0
88	11	1	1	0
89	12	1	1	0
90	13	1	1	0
91	14	1	1	0
92	15	1	1	0
93	16	1	1	0
94	17	1	1	0
95	18	1	1	0
96	19	1	1	0
97	20	1	1	0
98	21	1	1	0
99	22	1	1	0
100	23	1	1	0
101	24	1	1	0
102	25	1	1	0
103	26	1	1	0
104	27	1	1	0
105	28	1	1	0
106	29	1	1	0
107	30	1	1	0
108	31	1	1	0
109	32	1	1	0
110	33	1	1	0
111	34	1	1	0
112	35	1	1	0
113	36	1	1	0
114	37	1	1	0
115	38	1	1	0
116	39	1	1	0
117	40	1	1	0
118	41	1	1	0
119	42	1	1	0
120	43	1	1	0
121	44	1	1	0
122	45	1	1	0
123	46	1	1	0
124	47	1	1	0
125	48	1	1	0
126	49	1	1	0
127	50	1	1	0
128	51	1	1	0
129	52	1	1	0
130	53	1	1	0
131	54	1	1	0
132	55	1	1	0
133	56	1	1	0
134	57	1	1	0
135	58	1	1	0
136	59	1	1	0
137	60	1	1	0
138	61	1	1	0
139	62	1	1	0
140	63	1	1	0
141	64	1	1	0
142	65	1	1	0
143	66	1	1	0
144	67	1	1	0
145	68	1	1	0
146	69	1	1	0
147	70	1	1	0
148	71	1	1	0
149	72	1	1	0
150	73	1	1	0
151	74	1	1	0
152	75	1	0	1
153	0	2	0	1
154	1	2	1	0
155	2	2	1	0
156	3	2	1	0
157	4	2	1	0
158	5	2	1	0
159	6	2	1	0
160	7	2	1	0
161	8	2	1	0
162	9	2	1	0
163	10	2	1	0
164	11	2	1	0
165	12	2	1	0
166	13	2	1	0
167	14	2	1	0
168	15	2	1	0
169	16	2	1	0
170	17	2	1	0
171	18	2	1	0
172	19	2	1	0
173	20	2	1	0
174	21	2	1	0
175	22	2	1	0
176	23	2	1	0
177	24	2	1	0
178	25	2	1	0
179	26	2	1	0
180	27	2	1	0
181	28	2	1	0
182	29	2	1	0
183	30	2	1	0
184	31	2	1	0
185	32	2	1	0
186	33	2	1	0
187	34	2	1	0
188	35	2	1	0
189	36	2	1	0
190	37	2	1	0
191	38	2	1	0
192	39	2	1	0
193	40	2	1	0
194	41	2	1	0
195	42	2	1	0
196	43	2	1	0
197	44	2	1	0
198	45	2	1	0
199	46	2	1	0
200	47	2	1	0
201	48	2	1	0
202	49	2	1	0
203	50	2	1	0
204	51	2	1	0
205	52	2	1	0
206	53	2	1	0
207	54	2	1	0
208	55	2	1	0
209	56	2	1	0
210	57	2	1	0
211	58	2	1	0
212	59	2	1	0
213	60	2	1	0
214	61	2	1	0
215	62	2	1	0
216	63	2	1	0
217	64	2	1	0
218	65	2	1	0
219	66	2	1	0
220	67	2	1	0
221	68	2	1	0
222	69	2	1	0
223	70	2	1	0
224	71	2	1	0
225	72	2	1	0
226	73	2	1	0
227	74	2	1	0
228	75	2	0	1
229	0	3	0	1
230	1	3	1	0
231	2	3	1	0
232	3	3	1	0
233	4	3	1	0
234	5	3	1	0
235	6	3	1	0
236	7	3	1	0
237	8	3	1	0
238	9	3	1	0
239	10	3	1	0
240	11	3	1	0
241	12	3	1	0
242	13	3	1	0
243	14	3	1	0
244	15	3	1	0
245	16	3	1	0
246	17	3	1	0
247	18	3	1	0
248	19	3	1	0
249	20	3	1	0
250	21	3	1	0
251	22	3	1	0
252	23	3	1	0
253	24	3	1	0
254	25	3	1	0
255	26	3	1	0
256	27	3	1	0
257	28	3	1	0
258	29	3	1	0
259	30	3	1	0
260	31	3	1	0
261	32	3	1	0
262	33	3	1	0
263	34	3	1	0
264	35	3	1	0
265	36	3	1	0
266	37	3	1	0
267	38	3	1	0
268	39	3	1	0
269	40	3	1	0
270	41	3	1	0
271	42	3	1	0
272	43	3	1	0
273	44	3	1	0
274	45	3	1	0
275	46	3	1	0
276	47	3	1	0
277	48	3	1	0
278	49	3	1	0
279	50	3	1	0
280	51	3	1	0
281	52	3	1	0
282	53	3	1	0
283	54	3	1	0
284	55	3	1	0
285	56	3	1	0
286	57	3	1	0
287	58	3	1	0
288	59	3	1	0
289	60	3	1	0
290	61	3	1	0
291	62	3	1	0
292	63	3	1	0
293	64	3	1	0
294	65	3	1	0
295	66	3	1	0
296	67	3	1	0
297	68	3	1	0
298	69	3	1	0
299	70	3	4	1
300	71	3	1	0
301	72	3	1	0
302	73	3	1	0
303	74	3	1	0
304	75	3	0	1
305	0	4	0	1
306	1	4	1	0
307	2	4	1	0
308	3	4	1	0
309	4	4	2	1
310	5	4	2	1
311	6	4	2	1
312	7	4	2	1
313	8	4	2	1
314	9	4	2	1
315	10	4	2	1
316	11	4	2	1
317	12	4	2	1
318	13	4	2	1
319	14	4	2	1
320	15	4	2	1
321	16	4	2	1
322	17	4	2	1
323	18	4	2	1
324	19	4	2	1
325	20	4	1	0
326	21	4	1	0
327	22	4	1	0
328	23	4	2	1
329	24	4	2	1
330	25	4	2	1
331	26	4	2	1
332	27	4	2	1
333	28	4	2	1
334	29	4	2	1
335	30	4	2	1
336	31	4	2	1
337	32	4	2	1
338	33	4	2	1
339	34	4	2	1
340	35	4	2	1
341	36	4	2	1
342	37	4	2	1
343	38	4	2	1
344	39	4	1	0
345	40	4	1	0
346	41	4	1	0
347	42	4	2	1
348	43	4	2	1
349	44	4	2	1
350	45	4	2	1
351	46	4	2	1
352	47	4	2	1
353	48	4	2	1
354	49	4	2	1
355	50	4	2	1
356	51	4	2	1
357	52	4	2	1
358	53	4	2	1
359	54	4	2	1
360	55	4	2	1
361	56	4	2	1
362	57	4	2	1
363	58	4	1	0
364	59	4	1	0
365	60	4	1	0
366	61	4	1	0
367	62	4	1	0
368	63	4	1	0
369	64	4	1	0
370	65	4	1	0
371	66	4	1	0
372	67	4	1	0
373	68	4	1	0
374	69	4	1	0
375	70	4	4	1
376	71	4	1	0
377	72	4	1	0
378	73	4	1	0
379	74	4	1	0
380	75	4	0	1
381	0	5	0	1
382	1	5	1	0
383	2	5	1	0
384	3	5	1	0
385	4	5	2	1
386	5	5	2	1
387	6	5	2	1
388	7	5	2	1
389	8	5	2	1
390	9	5	2	1
391	10	5	2	1
392	11	5	2	1
393	12	5	2	1
394	13	5	2	1
395	14	5	2	1
396	15	5	2	1
397	16	5	2	1
398	17	5	2	1
399	18	5	2	1
400	19	5	2	1
401	20	5	1	0
402	21	5	1	0
403	22	5	1	0
404	23	5	2	1
405	24	5	2	1
406	25	5	2	1
407	26	5	2	1
408	27	5	2	1
409	28	5	2	1
410	29	5	2	1
411	30	5	2	1
412	31	5	2	1
413	32	5	2	1
414	33	5	2	1
415	34	5	2	1
416	35	5	2	1
417	36	5	2	1
418	37	5	2	1
419	38	5	2	1
420	39	5	1	0
421	40	5	1	0
422	41	5	1	0
423	42	5	2	1
424	43	5	2	1
425	44	5	2	1
426	45	5	2	1
427	46	5	2	1
428	47	5	2	1
429	48	5	2	1
430	49	5	2	1
431	50	5	2	1
432	51	5	2	1
433	52	5	2	1
434	53	5	2	1
435	54	5	2	1
436	55	5	2	1
437	56	5	2	1
438	57	5	2	1
439	58	5	1	0
440	59	5	1	0
441	60	5	1	0
442	61	5	1	0
443	62	5	1	0
444	63	5	1	0
445	64	5	1	0
446	65	5	1	0
447	66	5	1	0
448	67	5	1	0
449	68	5	1	0
450	69	5	1	0
451	70	5	4	1
452	71	5	1	0
453	72	5	1	0
454	73	5	1	0
455	74	5	1	0
456	75	5	0	1
457	0	6	0	1
458	1	6	1	0
459	2	6	1	0
460	3	6	1	0
461	4	6	2	1
462	5	6	2	1
463	6	6	3	1
464	7	6	3	1
465	8	6	3	1
466	9	6	3	1
467	10	6	3	1
468	11	6	3	1
469	12	6	3	1
470	13	6	3	1
471	14	6	3	1
472	15	6	3	1
473	16	6	3	1
474	17	6	3	1
475	18	6	2	1
476	19	6	2	1
477	20	6	1	0
478	21	6	1	0
479	22	6	1	0
480	23	6	2	1
481	24	6	2	1
482	25	6	3	1
483	26	6	3	1
484	27	6	3	1
485	28	6	3	1
486	29	6	3	1
487	30	6	3	1
488	31	6	3	1
489	32	6	3	1
490	33	6	3	1
491	34	6	3	1
492	35	6	3	1
493	36	6	3	1
494	37	6	2	1
495	38	6	2	1
496	39	6	1	0
497	40	6	1	0
498	41	6	1	0
499	42	6	2	1
500	43	6	2	1
501	44	6	3	1
502	45	6	3	1
503	46	6	3	1
504	47	6	3	1
505	48	6	3	1
506	49	6	3	1
507	50	6	3	1
508	51	6	3	1
509	52	6	3	1
510	53	6	3	1
511	54	6	3	1
512	55	6	3	1
513	56	6	2	1
514	57	6	2	1
515	58	6	1	0
516	59	6	1	0
517	60	6	1	0
518	61	6	1	0
519	62	6	1	0
520	63	6	1	0
521	64	6	1	0
522	65	6	1	0
523	66	6	1	0
524	67	6	1	0
525	68	6	1	0
526	69	6	1	0
527	70	6	4	1
528	71	6	1	0
529	72	6	1	0
530	73	6	1	0
531	74	6	1	0
532	75	6	0	1
533	0	7	0	1
534	1	7	1	0
535	2	7	1	0
536	3	7	1	0
537	4	7	2	1
538	5	7	2	1
539	6	7	3	1
540	7	7	3	1
541	8	7	3	1
542	9	7	3	1
543	10	7	3	1
544	11	7	3	1
545	12	7	3	1
546	13	7	3	1
547	14	7	3	1
548	15	7	3	1
549	16	7	3	1
550	17	7	3	1
551	18	7	2	1
552	19	7	2	1
553	20	7	1	0
554	21	7	1	0
555	22	7	1	0
556	23	7	2	1
557	24	7	2	1
558	25	7	3	1
559	26	7	3	1
560	27	7	3	1
561	28	7	3	1
562	29	7	3	1
563	30	7	3	1
564	31	7	3	1
565	32	7	3	1
566	33	7	3	1
567	34	7	3	1
568	35	7	3	1
569	36	7	3	1
570	37	7	2	1
571	38	7	2	1
572	39	7	1	0
573	40	7	1	0
574	41	7	1	0
575	42	7	2	1
576	43	7	2	1
577	44	7	3	1
578	45	7	3	1
579	46	7	3	1
580	47	7	3	1
581	48	7	3	1
582	49	7	3	1
583	50	7	3	1
584	51	7	3	1
585	52	7	3	1
586	53	7	3	1
587	54	7	3	1
588	55	7	3	1
589	56	7	2	1
590	57	7	2	1
591	58	7	1	0
592	59	7	1	0
593	60	7	1	0
594	61	7	1	0
595	62	7	1	0
596	63	7	1	0
597	64	7	1	0
598	65	7	1	0
599	66	7	1	0
600	67	7	1	0
601	68	7	1	0
602	69	7	1	0
603	70	7	4	1
604	71	7	1	0
605	72	7	1	0
606	73	7	1	0
607	74	7	1	0
608	75	7	0	1
609	0	8	0	1
610	1	8	1	0
611	2	8	1	0
612	3	8	1	0
613	4	8	2	1
614	5	8	2	1
615	6	8	2	1
616	7	8	2	1
617	8	8	2	1
618	9	8	2	1
619	10	8	2	1
620	11	8	2	1
621	12	8	2	1
622	13	8	2	1
623	14	8	2	1
624	15	8	2	1
625	16	8	2	1
626	17	8	2	1
627	18	8	2	1
628	19	8	2	1
629	20	8	1	0
630	21	8	1	0
631	22	8	1	0
632	23	8	2	1
633	24	8	2	1
634	25	8	2	1
635	26	8	2	1
636	27	8	2	1
637	28	8	2	1
638	29	8	2	1
639	30	8	2	1
640	31	8	2	1
641	32	8	2	1
642	33	8	2	1
643	34	8	2	1
644	35	8	2	1
645	36	8	2	1
646	37	8	2	1
647	38	8	2	1
648	39	8	1	0
649	40	8	1	0
650	41	8	1	0
651	42	8	2	1
652	43	8	2	1
653	44	8	2	1
654	45	8	2	1
655	46	8	2	1
656	47	8	2	1
657	48	8	2	1
658	49	8	2	1
659	50	8	2	1
660	51	8	2	1
661	52	8	2	1
662	53	8	2	1
663	54	8	2	1
664	55	8	2	1
665	56	8	2	1
666	57	8	2	1
667	58	8	1	0
668	59	8	1	0
669	60	8	1	0
670	61	8	1	0
671	62	8	1	0
672	63	8	1	0
673	64	8	1	0
674	65	8	1	0
675	66	8	1	0
676	67	8	1	0
677	68	8	1	0
678	69	8	1	0
679	70	8	4	1
680	71	8	1	0
681	72	8	1	0
682	73	8	1	0
683	74	8	1	0
684	75	8	0	1
685	0	9	0	1
686	1	9	1	0
687	2	9	1	0
688	3	9	1	0
689	4	9	2	1
690	5	9	2	1
691	6	9	2	1
692	7	9	2	1
693	8	9	2	1
694	9	9	2	1
695	10	9	2	1
696	11	9	2	1
697	12	9	2	1
698	13	9	2	1
699	14	9	2	1
700	15	9	2	1
701	16	9	2	1
702	17	9	2	1
703	18	9	2	1
704	19	9	2	1
705	20	9	1	0
706	21	9	1	0
707	22	9	1	0
708	23	9	2	1
709	24	9	2	1
710	25	9	2	1
711	26	9	2	1
712	27	9	2	1
713	28	9	2	1
714	29	9	2	1
715	30	9	2	1
716	31	9	2	1
717	32	9	2	1
718	33	9	2	1
719	34	9	2	1
720	35	9	2	1
721	36	9	2	1
722	37	9	2	1
723	38	9	2	1
724	39	9	1	0
725	40	9	1	0
726	41	9	1	0
727	42	9	2	1
728	43	9	2	1
729	44	9	2	1
730	45	9	2	1
731	46	9	2	1
732	47	9	2	1
733	48	9	2	1
734	49	9	2	1
735	50	9	2	1
736	51	9	2	1
737	52	9	2	1
738	53	9	2	1
739	54	9	2	1
740	55	9	2	1
741	56	9	2	1
742	57	9	2	1
743	58	9	1	0
744	59	9	1	0
745	60	9	1	0
746	61	9	1	0
747	62	9	1	0
748	63	9	1	0
749	64	9	1	0
750	65	9	1	0
751	66	9	1	0
752	67	9	1	0
753	68	9	1	0
754	69	9	1	0
755	70	9	4	1
756	71	9	1	0
757	72	9	1	0
758	73	9	1	0
759	74	9	1	0
760	75	9	0	1
761	0	10	0	1
762	1	10	1	0
763	2	10	1	0
764	3	10	1	0
765	4	10	2	1
766	5	10	2	1
767	6	10	2	1
768	7	10	2	1
769	8	10	2	1
770	9	10	2	1
771	10	10	2	1
772	11	10	2	1
773	12	10	2	1
774	13	10	2	1
775	14	10	2	1
776	15	10	2	1
777	16	10	2	1
778	17	10	2	1
779	18	10	2	1
780	19	10	2	1
781	20	10	1	0
782	21	10	1	0
783	22	10	1	0
784	23	10	2	1
785	24	10	2	1
786	25	10	2	1
787	26	10	2	1
788	27	10	2	1
789	28	10	2	1
790	29	10	2	1
791	30	10	2	1
792	31	10	2	1
793	32	10	2	1
794	33	10	2	1
795	34	10	2	1
796	35	10	2	1
797	36	10	2	1
798	37	10	2	1
799	38	10	2	1
800	39	10	1	0
801	40	10	1	0
802	41	10	1	0
803	42	10	2	1
804	43	10	2	1
805	44	10	2	1
806	45	10	2	1
807	46	10	2	1
808	47	10	2	1
809	48	10	2	1
810	49	10	2	1
811	50	10	2	1
812	51	10	2	1
813	52	10	2	1
814	53	10	2	1
815	54	10	2	1
816	55	10	2	1
817	56	10	2	1
818	57	10	2	1
819	58	10	1	0
820	59	10	1	0
821	60	10	1	0
822	61	10	1	0
823	62	10	1	0
824	63	10	1	0
825	64	10	1	0
826	65	10	1	0
827	66	10	1	0
828	67	10	1	0
829	68	10	1	0
830	69	10	1	0
831	70	10	4	1
832	71	10	1	0
833	72	10	1	0
834	73	10	1	0
835	74	10	1	0
836	75	10	0	1
837	0	11	0	1
838	1	11	1	0
839	2	11	1	0
840	3	11	1	0
841	4	11	2	1
842	5	11	2	1
843	6	11	3	1
844	7	11	3	1
845	8	11	3	1
846	9	11	3	1
847	10	11	3	1
848	11	11	3	1
849	12	11	3	1
850	13	11	3	1
851	14	11	3	1
852	15	11	3	1
853	16	11	3	1
854	17	11	3	1
855	18	11	2	1
856	19	11	2	1
857	20	11	1	0
858	21	11	1	0
859	22	11	1	0
860	23	11	2	1
861	24	11	2	1
862	25	11	3	1
863	26	11	3	1
864	27	11	3	1
865	28	11	3	1
866	29	11	3	1
867	30	11	3	1
868	31	11	3	1
869	32	11	3	1
870	33	11	3	1
871	34	11	3	1
872	35	11	3	1
873	36	11	3	1
874	37	11	2	1
875	38	11	2	1
876	39	11	1	0
877	40	11	1	0
878	41	11	1	0
879	42	11	2	1
880	43	11	2	1
881	44	11	3	1
882	45	11	3	1
883	46	11	3	1
884	47	11	3	1
885	48	11	3	1
886	49	11	3	1
887	50	11	3	1
888	51	11	3	1
889	52	11	3	1
890	53	11	3	1
891	54	11	3	1
892	55	11	3	1
893	56	11	2	1
894	57	11	2	1
895	58	11	1	0
896	59	11	1	0
897	60	11	1	0
898	61	11	1	0
899	62	11	1	0
900	63	11	1	0
901	64	11	1	0
902	65	11	1	0
903	66	11	1	0
904	67	11	1	0
905	68	11	1	0
906	69	11	1	0
907	70	11	4	1
908	71	11	1	0
909	72	11	1	0
910	73	11	1	0
911	74	11	1	0
912	75	11	0	1
913	0	12	0	1
914	1	12	1	0
915	2	12	1	0
916	3	12	1	0
917	4	12	2	1
918	5	12	2	1
919	6	12	3	1
920	7	12	3	1
921	8	12	3	1
922	9	12	3	1
923	10	12	3	1
924	11	12	3	1
925	12	12	3	1
926	13	12	3	1
927	14	12	3	1
928	15	12	3	1
929	16	12	3	1
930	17	12	3	1
931	18	12	2	1
932	19	12	2	1
933	20	12	1	0
934	21	12	1	0
935	22	12	1	0
936	23	12	2	1
937	24	12	2	1
938	25	12	3	1
939	26	12	3	1
940	27	12	3	1
941	28	12	3	1
942	29	12	3	1
943	30	12	3	1
944	31	12	3	1
945	32	12	3	1
946	33	12	3	1
947	34	12	3	1
948	35	12	3	1
949	36	12	3	1
950	37	12	2	1
951	38	12	2	1
952	39	12	1	0
953	40	12	1	0
954	41	12	1	0
955	42	12	2	1
956	43	12	2	1
957	44	12	3	1
958	45	12	3	1
959	46	12	3	1
960	47	12	3	1
961	48	12	3	1
962	49	12	3	1
963	50	12	3	1
964	51	12	3	1
965	52	12	3	1
966	53	12	3	1
967	54	12	3	1
968	55	12	3	1
969	56	12	2	1
970	57	12	2	1
971	58	12	1	0
972	59	12	1	0
973	60	12	1	0
974	61	12	1	0
975	62	12	1	0
976	63	12	1	0
977	64	12	1	0
978	65	12	1	0
979	66	12	1	0
980	67	12	1	0
981	68	12	1	0
982	69	12	1	0
983	70	12	4	1
984	71	12	1	0
985	72	12	1	0
986	73	12	1	0
987	74	12	1	0
988	75	12	0	1
989	0	13	0	1
990	1	13	1	0
991	2	13	1	0
992	3	13	1	0
993	4	13	2	1
994	5	13	2	1
995	6	13	2	1
996	7	13	2	1
997	8	13	2	1
998	9	13	2	1
999	10	13	2	1
1000	11	13	2	1
1001	12	13	2	1
1002	13	13	2	1
1003	14	13	2	1
1004	15	13	2	1
1005	16	13	2	1
1006	17	13	2	1
1007	18	13	2	1
1008	19	13	2	1
1009	20	13	1	0
1010	21	13	1	0
1011	22	13	1	0
1012	23	13	2	1
1013	24	13	2	1
1014	25	13	2	1
1015	26	13	2	1
1016	27	13	2	1
1017	28	13	2	1
1018	29	13	2	1
1019	30	13	2	1
1020	31	13	2	1
1021	32	13	2	1
1022	33	13	2	1
1023	34	13	2	1
1024	35	13	2	1
1025	36	13	2	1
1026	37	13	2	1
1027	38	13	2	1
1028	39	13	1	0
1029	40	13	1	0
1030	41	13	1	0
1031	42	13	2	1
1032	43	13	2	1
1033	44	13	2	1
1034	45	13	2	1
1035	46	13	2	1
1036	47	13	2	1
1037	48	13	2	1
1038	49	13	2	1
1039	50	13	2	1
1040	51	13	2	1
1041	52	13	2	1
1042	53	13	2	1
1043	54	13	2	1
1044	55	13	2	1
1045	56	13	2	1
1046	57	13	2	1
1047	58	13	1	0
1048	59	13	1	0
1049	60	13	1	0
1050	61	13	1	0
1051	62	13	1	0
1052	63	13	1	0
1053	64	13	1	0
1054	65	13	1	0
1055	66	13	1	0
1056	67	13	1	0
1057	68	13	1	0
1058	69	13	1	0
1059	70	13	4	1
1060	71	13	1	0
1061	72	13	1	0
1062	73	13	1	0
1063	74	13	1	0
1064	75	13	0	1
1065	0	14	0	1
1066	1	14	1	0
1067	2	14	1	0
1068	3	14	1	0
1069	4	14	2	1
1070	5	14	2	1
1071	6	14	2	1
1072	7	14	2	1
1073	8	14	2	1
1074	9	14	2	1
1075	10	14	2	1
1076	11	14	2	1
1077	12	14	2	1
1078	13	14	2	1
1079	14	14	2	1
1080	15	14	2	1
1081	16	14	2	1
1082	17	14	2	1
1083	18	14	2	1
1084	19	14	2	1
1085	20	14	1	0
1086	21	14	1	0
1087	22	14	1	0
1088	23	14	2	1
1089	24	14	2	1
1090	25	14	2	1
1091	26	14	2	1
1092	27	14	2	1
1093	28	14	2	1
1094	29	14	2	1
1095	30	14	2	1
1096	31	14	2	1
1097	32	14	2	1
1098	33	14	2	1
1099	34	14	2	1
1100	35	14	2	1
1101	36	14	2	1
1102	37	14	2	1
1103	38	14	2	1
1104	39	14	1	0
1105	40	14	1	0
1106	41	14	1	0
1107	42	14	2	1
1108	43	14	2	1
1109	44	14	2	1
1110	45	14	2	1
1111	46	14	2	1
1112	47	14	2	1
1113	48	14	2	1
1114	49	14	2	1
1115	50	14	2	1
1116	51	14	2	1
1117	52	14	2	1
1118	53	14	2	1
1119	54	14	2	1
1120	55	14	2	1
1121	56	14	2	1
1122	57	14	2	1
1123	58	14	1	0
1124	59	14	1	0
1125	60	14	1	0
1126	61	14	1	0
1127	62	14	1	0
1128	63	14	1	0
1129	64	14	1	0
1130	65	14	1	0
1131	66	14	1	0
1132	67	14	1	0
1133	68	14	1	0
1134	69	14	1	0
1135	70	14	4	1
1136	71	14	1	0
1137	72	14	1	0
1138	73	14	1	0
1139	74	14	1	0
1140	75	14	0	1
1141	0	15	0	1
1142	1	15	1	0
1143	2	15	1	0
1144	3	15	1	0
1145	4	15	1	0
1146	5	15	1	0
1147	6	15	1	0
1148	7	15	1	0
1149	8	15	1	0
1150	9	15	1	0
1151	10	15	1	0
1152	11	15	1	0
1153	12	15	1	0
1154	13	15	1	0
1155	14	15	1	0
1156	15	15	1	0
1157	16	15	1	0
1158	17	15	1	0
1159	18	15	1	0
1160	19	15	1	0
1161	20	15	1	0
1162	21	15	1	0
1163	22	15	1	0
1164	23	15	1	0
1165	24	15	1	0
1166	25	15	1	0
1167	26	15	1	0
1168	27	15	1	0
1169	28	15	1	0
1170	29	15	1	0
1171	30	15	1	0
1172	31	15	1	0
1173	32	15	1	0
1174	33	15	1	0
1175	34	15	1	0
1176	35	15	1	0
1177	36	15	1	0
1178	37	15	1	0
1179	38	15	1	0
1180	39	15	1	0
1181	40	15	1	0
1182	41	15	1	0
1183	42	15	1	0
1184	43	15	1	0
1185	44	15	1	0
1186	45	15	1	0
1187	46	15	1	0
1188	47	15	1	0
1189	48	15	1	0
1190	49	15	1	0
1191	50	15	1	0
1192	51	15	1	0
1193	52	15	1	0
1194	53	15	1	0
1195	54	15	1	0
1196	55	15	1	0
1197	56	15	1	0
1198	57	15	1	0
1199	58	15	1	0
1200	59	15	1	0
1201	60	15	1	0
1202	61	15	1	0
1203	62	15	1	0
1204	63	15	1	0
1205	64	15	1	0
1206	65	15	1	0
1207	66	15	1	0
1208	67	15	1	0
1209	68	15	1	0
1210	69	15	1	0
1211	70	15	4	1
1212	71	15	1	0
1213	72	15	1	0
1214	73	15	1	0
1215	74	15	1	0
1216	75	15	0	1
1217	0	16	0	1
1218	1	16	1	0
1219	2	16	1	0
1220	3	16	1	0
1221	4	16	1	0
1222	5	16	1	0
1223	6	16	1	0
1224	7	16	1	0
1225	8	16	1	0
1226	9	16	1	0
1227	10	16	1	0
1228	11	16	1	0
1229	12	16	1	0
1230	13	16	1	0
1231	14	16	1	0
1232	15	16	1	0
1233	16	16	1	0
1234	17	16	1	0
1235	18	16	1	0
1236	19	16	1	0
1237	20	16	1	0
1238	21	16	1	0
1239	22	16	1	0
1240	23	16	1	0
1241	24	16	1	0
1242	25	16	1	0
1243	26	16	1	0
1244	27	16	1	0
1245	28	16	1	0
1246	29	16	1	0
1247	30	16	1	0
1248	31	16	1	0
1249	32	16	1	0
1250	33	16	1	0
1251	34	16	1	0
1252	35	16	1	0
1253	36	16	1	0
1254	37	16	1	0
1255	38	16	1	0
1256	39	16	1	0
1257	40	16	1	0
1258	41	16	1	0
1259	42	16	1	0
1260	43	16	1	0
1261	44	16	1	0
1262	45	16	1	0
1263	46	16	1	0
1264	47	16	1	0
1265	48	16	1	0
1266	49	16	1	0
1267	50	16	1	0
1268	51	16	1	0
1269	52	16	1	0
1270	53	16	1	0
1271	54	16	1	0
1272	55	16	1	0
1273	56	16	1	0
1274	57	16	1	0
1275	58	16	1	0
1276	59	16	1	0
1277	60	16	1	0
1278	61	16	1	0
1279	62	16	1	0
1280	63	16	1	0
1281	64	16	1	0
1282	65	16	1	0
1283	66	16	1	0
1284	67	16	1	0
1285	68	16	1	0
1286	69	16	1	0
1287	70	16	4	1
1288	71	16	1	0
1289	72	16	1	0
1290	73	16	1	0
1291	74	16	1	0
1292	75	16	0	1
1293	0	17	0	1
1294	1	17	1	0
1295	2	17	1	0
1296	3	17	1	0
1297	4	17	1	0
1298	5	17	1	0
1299	6	17	1	0
1300	7	17	1	0
1301	8	17	1	0
1302	9	17	1	0
1303	10	17	1	0
1304	11	17	1	0
1305	12	17	1	0
1306	13	17	1	0
1307	14	17	1	0
1308	15	17	1	0
1309	16	17	1	0
1310	17	17	1	0
1311	18	17	1	0
1312	19	17	1	0
1313	20	17	1	0
1314	21	17	1	0
1315	22	17	1	0
1316	23	17	1	0
1317	24	17	1	0
1318	25	17	1	0
1319	26	17	1	0
1320	27	17	1	0
1321	28	17	1	0
1322	29	17	1	0
1323	30	17	1	0
1324	31	17	1	0
1325	32	17	1	0
1326	33	17	1	0
1327	34	17	1	0
1328	35	17	1	0
1329	36	17	1	0
1330	37	17	1	0
1331	38	17	1	0
1332	39	17	1	0
1333	40	17	1	0
1334	41	17	1	0
1335	42	17	1	0
1336	43	17	1	0
1337	44	17	1	0
1338	45	17	1	0
1339	46	17	1	0
1340	47	17	1	0
1341	48	17	1	0
1342	49	17	1	0
1343	50	17	1	0
1344	51	17	1	0
1345	52	17	1	0
1346	53	17	1	0
1347	54	17	1	0
1348	55	17	1	0
1349	56	17	1	0
1350	57	17	1	0
1351	58	17	1	0
1352	59	17	1	0
1353	60	17	1	0
1354	61	17	1	0
1355	62	17	1	0
1356	63	17	1	0
1357	64	17	1	0
1358	65	17	1	0
1359	66	17	1	0
1360	67	17	1	0
1361	68	17	1	0
1362	69	17	1	0
1363	70	17	4	1
1364	71	17	1	0
1365	72	17	1	0
1366	73	17	1	0
1367	74	17	1	0
1368	75	17	0	1
1369	0	18	0	1
1370	1	18	1	0
1371	2	18	1	0
1372	3	18	1	0
1373	4	18	2	1
1374	5	18	2	1
1375	6	18	2	1
1376	7	18	2	1
1377	8	18	2	1
1378	9	18	2	1
1379	10	18	2	1
1380	11	18	2	1
1381	12	18	2	1
1382	13	18	2	1
1383	14	18	2	1
1384	15	18	2	1
1385	16	18	2	1
1386	17	18	2	1
1387	18	18	2	1
1388	19	18	2	1
1389	20	18	1	0
1390	21	18	1	0
1391	22	18	1	0
1392	23	18	2	1
1393	24	18	2	1
1394	25	18	2	1
1395	26	18	2	1
1396	27	18	2	1
1397	28	18	2	1
1398	29	18	2	1
1399	30	18	2	1
1400	31	18	2	1
1401	32	18	2	1
1402	33	18	2	1
1403	34	18	2	1
1404	35	18	2	1
1405	36	18	2	1
1406	37	18	2	1
1407	38	18	2	1
1408	39	18	1	0
1409	40	18	1	0
1410	41	18	1	0
1411	42	18	2	1
1412	43	18	2	1
1413	44	18	2	1
1414	45	18	2	1
1415	46	18	2	1
1416	47	18	2	1
1417	48	18	2	1
1418	49	18	2	1
1419	50	18	2	1
1420	51	18	2	1
1421	52	18	2	1
1422	53	18	2	1
1423	54	18	2	1
1424	55	18	2	1
1425	56	18	2	1
1426	57	18	2	1
1427	58	18	1	0
1428	59	18	1	0
1429	60	18	1	0
1430	61	18	1	0
1431	62	18	1	0
1432	63	18	1	0
1433	64	18	1	0
1434	65	18	1	0
1435	66	18	1	0
1436	67	18	1	0
1437	68	18	1	0
1438	69	18	1	0
1439	70	18	4	1
1440	71	18	1	0
1441	72	18	1	0
1442	73	18	1	0
1443	74	18	1	0
1444	75	18	0	1
1445	0	19	0	1
1446	1	19	1	0
1447	2	19	1	0
1448	3	19	1	0
1449	4	19	2	1
1450	5	19	2	1
1451	6	19	2	1
1452	7	19	2	1
1453	8	19	2	1
1454	9	19	2	1
1455	10	19	2	1
1456	11	19	2	1
1457	12	19	2	1
1458	13	19	2	1
1459	14	19	2	1
1460	15	19	2	1
1461	16	19	2	1
1462	17	19	2	1
1463	18	19	2	1
1464	19	19	2	1
1465	20	19	1	0
1466	21	19	1	0
1467	22	19	1	0
1468	23	19	2	1
1469	24	19	2	1
1470	25	19	2	1
1471	26	19	2	1
1472	27	19	2	1
1473	28	19	2	1
1474	29	19	2	1
1475	30	19	2	1
1476	31	19	2	1
1477	32	19	2	1
1478	33	19	2	1
1479	34	19	2	1
1480	35	19	2	1
1481	36	19	2	1
1482	37	19	2	1
1483	38	19	2	1
1484	39	19	1	0
1485	40	19	1	0
1486	41	19	1	0
1487	42	19	2	1
1488	43	19	2	1
1489	44	19	2	1
1490	45	19	2	1
1491	46	19	2	1
1492	47	19	2	1
1493	48	19	2	1
1494	49	19	2	1
1495	50	19	2	1
1496	51	19	2	1
1497	52	19	2	1
1498	53	19	2	1
1499	54	19	2	1
1500	55	19	2	1
1501	56	19	2	1
1502	57	19	2	1
1503	58	19	1	0
1504	59	19	1	0
1505	60	19	1	0
1506	61	19	1	0
1507	62	19	1	0
1508	63	19	1	0
1509	64	19	1	0
1510	65	19	1	0
1511	66	19	1	0
1512	67	19	1	0
1513	68	19	1	0
1514	69	19	1	0
1515	70	19	4	1
1516	71	19	1	0
1517	72	19	1	0
1518	73	19	1	0
1519	74	19	1	0
1520	75	19	0	1
1521	0	20	0	1
1522	1	20	1	0
1523	2	20	1	0
1524	3	20	1	0
1525	4	20	2	1
1526	5	20	2	1
1527	6	20	3	1
1528	7	20	3	1
1529	8	20	3	1
1530	9	20	3	1
1531	10	20	3	1
1532	11	20	3	1
1533	12	20	3	1
1534	13	20	3	1
1535	14	20	3	1
1536	15	20	3	1
1537	16	20	3	1
1538	17	20	3	1
1539	18	20	2	1
1540	19	20	2	1
1541	20	20	1	0
1542	21	20	1	0
1543	22	20	1	0
1544	23	20	2	1
1545	24	20	2	1
1546	25	20	3	1
1547	26	20	3	1
1548	27	20	3	1
1549	28	20	3	1
1550	29	20	3	1
1551	30	20	3	1
1552	31	20	3	1
1553	32	20	3	1
1554	33	20	3	1
1555	34	20	3	1
1556	35	20	3	1
1557	36	20	3	1
1558	37	20	2	1
1559	38	20	2	1
1560	39	20	1	0
1561	40	20	1	0
1562	41	20	1	0
1563	42	20	2	1
1564	43	20	2	1
1565	44	20	3	1
1566	45	20	3	1
1567	46	20	3	1
1568	47	20	3	1
1569	48	20	3	1
1570	49	20	3	1
1571	50	20	3	1
1572	51	20	3	1
1573	52	20	3	1
1574	53	20	3	1
1575	54	20	3	1
1576	55	20	3	1
1577	56	20	2	1
1578	57	20	2	1
1579	58	20	1	0
1580	59	20	1	0
1581	60	20	1	0
1582	61	20	1	0
1583	62	20	1	0
1584	63	20	1	0
1585	64	20	1	0
1586	65	20	1	0
1587	66	20	1	0
1588	67	20	1	0
1589	68	20	1	0
1590	69	20	1	0
1591	70	20	4	1
1592	71	20	1	0
1593	72	20	1	0
1594	73	20	1	0
1595	74	20	1	0
1596	75	20	0	1
1597	0	21	0	1
1598	1	21	1	0
1599	2	21	1	0
1600	3	21	1	0
1601	4	21	2	1
1602	5	21	2	1
1603	6	21	3	1
1604	7	21	3	1
1605	8	21	3	1
1606	9	21	3	1
1607	10	21	3	1
1608	11	21	3	1
1609	12	21	3	1
1610	13	21	3	1
1611	14	21	3	1
1612	15	21	3	1
1613	16	21	3	1
1614	17	21	3	1
1615	18	21	2	1
1616	19	21	2	1
1617	20	21	1	0
1618	21	21	1	0
1619	22	21	1	0
1620	23	21	2	1
1621	24	21	2	1
1622	25	21	3	1
1623	26	21	3	1
1624	27	21	3	1
1625	28	21	3	1
1626	29	21	3	1
1627	30	21	3	1
1628	31	21	3	1
1629	32	21	3	1
1630	33	21	3	1
1631	34	21	3	1
1632	35	21	3	1
1633	36	21	3	1
1634	37	21	2	1
1635	38	21	2	1
1636	39	21	1	0
1637	40	21	1	0
1638	41	21	1	0
1639	42	21	2	1
1640	43	21	2	1
1641	44	21	3	1
1642	45	21	3	1
1643	46	21	3	1
1644	47	21	3	1
1645	48	21	3	1
1646	49	21	3	1
1647	50	21	3	1
1648	51	21	3	1
1649	52	21	3	1
1650	53	21	3	1
1651	54	21	3	1
1652	55	21	3	1
1653	56	21	2	1
1654	57	21	2	1
1655	58	21	1	0
1656	59	21	1	0
1657	60	21	1	0
1658	61	21	1	0
1659	62	21	1	0
1660	63	21	1	0
1661	64	21	1	0
1662	65	21	1	0
1663	66	21	1	0
1664	67	21	1	0
1665	68	21	1	0
1666	69	21	1	0
1667	70	21	4	1
1668	71	21	1	0
1669	72	21	1	0
1670	73	21	1	0
1671	74	21	1	0
1672	75	21	0	1
1673	0	22	0	1
1674	1	22	1	0
1675	2	22	1	0
1676	3	22	1	0
1677	4	22	2	1
1678	5	22	2	1
1679	6	22	2	1
1680	7	22	2	1
1681	8	22	2	1
1682	9	22	2	1
1683	10	22	2	1
1684	11	22	2	1
1685	12	22	2	1
1686	13	22	2	1
1687	14	22	2	1
1688	15	22	2	1
1689	16	22	2	1
1690	17	22	2	1
1691	18	22	2	1
1692	19	22	2	1
1693	20	22	1	0
1694	21	22	1	0
1695	22	22	1	0
1696	23	22	2	1
1697	24	22	2	1
1698	25	22	2	1
1699	26	22	2	1
1700	27	22	2	1
1701	28	22	2	1
1702	29	22	2	1
1703	30	22	2	1
1704	31	22	2	1
1705	32	22	2	1
1706	33	22	2	1
1707	34	22	2	1
1708	35	22	2	1
1709	36	22	2	1
1710	37	22	2	1
1711	38	22	2	1
1712	39	22	1	0
1713	40	22	1	0
1714	41	22	1	0
1715	42	22	2	1
1716	43	22	2	1
1717	44	22	2	1
1718	45	22	2	1
1719	46	22	2	1
1720	47	22	2	1
1721	48	22	2	1
1722	49	22	2	1
1723	50	22	2	1
1724	51	22	2	1
1725	52	22	2	1
1726	53	22	2	1
1727	54	22	2	1
1728	55	22	2	1
1729	56	22	2	1
1730	57	22	2	1
1731	58	22	1	0
1732	59	22	1	0
1733	60	22	1	0
1734	61	22	1	0
1735	62	22	1	0
1736	63	22	1	0
1737	64	22	1	0
1738	65	22	1	0
1739	66	22	1	0
1740	67	22	1	0
1741	68	22	1	0
1742	69	22	1	0
1743	70	22	4	1
1744	71	22	1	0
1745	72	22	1	0
1746	73	22	1	0
1747	74	22	1	0
1748	75	22	0	1
1749	0	23	0	1
1750	1	23	1	0
1751	2	23	1	0
1752	3	23	1	0
1753	4	23	2	1
1754	5	23	2	1
1755	6	23	2	1
1756	7	23	2	1
1757	8	23	2	1
1758	9	23	2	1
1759	10	23	2	1
1760	11	23	2	1
1761	12	23	2	1
1762	13	23	2	1
1763	14	23	2	1
1764	15	23	2	1
1765	16	23	2	1
1766	17	23	2	1
1767	18	23	2	1
1768	19	23	2	1
1769	20	23	1	0
1770	21	23	1	0
1771	22	23	1	0
1772	23	23	2	1
1773	24	23	2	1
1774	25	23	2	1
1775	26	23	2	1
1776	27	23	2	1
1777	28	23	2	1
1778	29	23	2	1
1779	30	23	2	1
1780	31	23	2	1
1781	32	23	2	1
1782	33	23	2	1
1783	34	23	2	1
1784	35	23	2	1
1785	36	23	2	1
1786	37	23	2	1
1787	38	23	2	1
1788	39	23	1	0
1789	40	23	1	0
1790	41	23	1	0
1791	42	23	2	1
1792	43	23	2	1
1793	44	23	2	1
1794	45	23	2	1
1795	46	23	2	1
1796	47	23	2	1
1797	48	23	2	1
1798	49	23	2	1
1799	50	23	2	1
1800	51	23	2	1
1801	52	23	2	1
1802	53	23	2	1
1803	54	23	2	1
1804	55	23	2	1
1805	56	23	2	1
1806	57	23	2	1
1807	58	23	1	0
1808	59	23	1	0
1809	60	23	1	0
1810	61	23	1	0
1811	62	23	1	0
1812	63	23	1	0
1813	64	23	1	0
1814	65	23	1	0
1815	66	23	1	0
1816	67	23	1	0
1817	68	23	1	0
1818	69	23	1	0
1819	70	23	4	1
1820	71	23	1	0
1821	72	23	1	0
1822	73	23	1	0
1823	74	23	1	0
1824	75	23	0	1
1825	0	24	0	1
1826	1	24	1	0
1827	2	24	1	0
1828	3	24	1	0
1829	4	24	2	1
1830	5	24	2	1
1831	6	24	2	1
1832	7	24	2	1
1833	8	24	2	1
1834	9	24	2	1
1835	10	24	2	1
1836	11	24	2	1
1837	12	24	2	1
1838	13	24	2	1
1839	14	24	2	1
1840	15	24	2	1
1841	16	24	2	1
1842	17	24	2	1
1843	18	24	2	1
1844	19	24	2	1
1845	20	24	1	0
1846	21	24	1	0
1847	22	24	1	0
1848	23	24	2	1
1849	24	24	2	1
1850	25	24	2	1
1851	26	24	2	1
1852	27	24	2	1
1853	28	24	2	1
1854	29	24	2	1
1855	30	24	2	1
1856	31	24	2	1
1857	32	24	2	1
1858	33	24	2	1
1859	34	24	2	1
1860	35	24	2	1
1861	36	24	2	1
1862	37	24	2	1
1863	38	24	2	1
1864	39	24	1	0
1865	40	24	1	0
1866	41	24	1	0
1867	42	24	2	1
1868	43	24	2	1
1869	44	24	2	1
1870	45	24	2	1
1871	46	24	2	1
1872	47	24	2	1
1873	48	24	2	1
1874	49	24	2	1
1875	50	24	2	1
1876	51	24	2	1
1877	52	24	2	1
1878	53	24	2	1
1879	54	24	2	1
1880	55	24	2	1
1881	56	24	2	1
1882	57	24	2	1
1883	58	24	1	0
1884	59	24	1	0
1885	60	24	1	0
1886	61	24	1	0
1887	62	24	1	0
1888	63	24	1	0
1889	64	24	1	0
1890	65	24	1	0
1891	66	24	1	0
1892	67	24	1	0
1893	68	24	1	0
1894	69	24	1	0
1895	70	24	4	1
1896	71	24	1	0
1897	72	24	1	0
1898	73	24	1	0
1899	74	24	1	0
1900	75	24	0	1
1901	0	25	0	1
1902	1	25	1	0
1903	2	25	1	0
1904	3	25	1	0
1905	4	25	2	1
1906	5	25	2	1
1907	6	25	3	1
1908	7	25	3	1
1909	8	25	3	1
1910	9	25	3	1
1911	10	25	3	1
1912	11	25	3	1
1913	12	25	3	1
1914	13	25	3	1
1915	14	25	3	1
1916	15	25	3	1
1917	16	25	3	1
1918	17	25	3	1
1919	18	25	2	1
1920	19	25	2	1
1921	20	25	1	0
1922	21	25	1	0
1923	22	25	1	0
1924	23	25	2	1
1925	24	25	2	1
1926	25	25	3	1
1927	26	25	3	1
1928	27	25	3	1
1929	28	25	3	1
1930	29	25	3	1
1931	30	25	3	1
1932	31	25	3	1
1933	32	25	3	1
1934	33	25	3	1
1935	34	25	3	1
1936	35	25	3	1
1937	36	25	3	1
1938	37	25	2	1
1939	38	25	2	1
1940	39	25	1	0
1941	40	25	1	0
1942	41	25	1	0
1943	42	25	2	1
1944	43	25	2	1
1945	44	25	3	1
1946	45	25	3	1
1947	46	25	3	1
1948	47	25	3	1
1949	48	25	3	1
1950	49	25	3	1
1951	50	25	3	1
1952	51	25	3	1
1953	52	25	3	1
1954	53	25	3	1
1955	54	25	3	1
1956	55	25	3	1
1957	56	25	2	1
1958	57	25	2	1
1959	58	25	1	0
1960	59	25	1	0
1961	60	25	1	0
1962	61	25	1	0
1963	62	25	1	0
1964	63	25	1	0
1965	64	25	1	0
1966	65	25	1	0
1967	66	25	1	0
1968	67	25	1	0
1969	68	25	1	0
1970	69	25	1	0
1971	70	25	4	1
1972	71	25	1	0
1973	72	25	1	0
1974	73	25	1	0
1975	74	25	1	0
1976	75	25	0	1
1977	0	26	0	1
1978	1	26	1	0
1979	2	26	1	0
1980	3	26	1	0
1981	4	26	2	1
1982	5	26	2	1
1983	6	26	3	1
1984	7	26	3	1
1985	8	26	3	1
1986	9	26	3	1
1987	10	26	3	1
1988	11	26	3	1
1989	12	26	3	1
1990	13	26	3	1
1991	14	26	3	1
1992	15	26	3	1
1993	16	26	3	1
1994	17	26	3	1
1995	18	26	2	1
1996	19	26	2	1
1997	20	26	1	0
1998	21	26	1	0
1999	22	26	1	0
2000	23	26	2	1
2001	24	26	2	1
2002	25	26	3	1
2003	26	26	3	1
2004	27	26	3	1
2005	28	26	3	1
2006	29	26	3	1
2007	30	26	3	1
2008	31	26	3	1
2009	32	26	3	1
2010	33	26	3	1
2011	34	26	3	1
2012	35	26	3	1
2013	36	26	3	1
2014	37	26	2	1
2015	38	26	2	1
2016	39	26	1	0
2017	40	26	1	0
2018	41	26	1	0
2019	42	26	2	1
2020	43	26	2	1
2021	44	26	3	1
2022	45	26	3	1
2023	46	26	3	1
2024	47	26	3	1
2025	48	26	3	1
2026	49	26	3	1
2027	50	26	3	1
2028	51	26	3	1
2029	52	26	3	1
2030	53	26	3	1
2031	54	26	3	1
2032	55	26	3	1
2033	56	26	2	1
2034	57	26	2	1
2035	58	26	1	0
2036	59	26	1	0
2037	60	26	1	0
2038	61	26	1	0
2039	62	26	1	0
2040	63	26	1	0
2041	64	26	1	0
2042	65	26	1	0
2043	66	26	1	0
2044	67	26	1	0
2045	68	26	1	0
2046	69	26	1	0
2047	70	26	4	1
2048	71	26	1	0
2049	72	26	1	0
2050	73	26	1	0
2051	74	26	1	0
2052	75	26	0	1
2053	0	27	0	1
2054	1	27	1	0
2055	2	27	1	0
2056	3	27	1	0
2057	4	27	2	1
2058	5	27	2	1
2059	6	27	2	1
2060	7	27	2	1
2061	8	27	2	1
2062	9	27	2	1
2063	10	27	2	1
2064	11	27	2	1
2065	12	27	2	1
2066	13	27	2	1
2067	14	27	2	1
2068	15	27	2	1
2069	16	27	2	1
2070	17	27	2	1
2071	18	27	2	1
2072	19	27	2	1
2073	20	27	1	0
2074	21	27	1	0
2075	22	27	1	0
2076	23	27	2	1
2077	24	27	2	1
2078	25	27	2	1
2079	26	27	2	1
2080	27	27	2	1
2081	28	27	2	1
2082	29	27	2	1
2083	30	27	2	1
2084	31	27	2	1
2085	32	27	2	1
2086	33	27	2	1
2087	34	27	2	1
2088	35	27	2	1
2089	36	27	2	1
2090	37	27	2	1
2091	38	27	2	1
2092	39	27	1	0
2093	40	27	1	0
2094	41	27	1	0
2095	42	27	2	1
2096	43	27	2	1
2097	44	27	2	1
2098	45	27	2	1
2099	46	27	2	1
2100	47	27	2	1
2101	48	27	2	1
2102	49	27	2	1
2103	50	27	2	1
2104	51	27	2	1
2105	52	27	2	1
2106	53	27	2	1
2107	54	27	2	1
2108	55	27	2	1
2109	56	27	2	1
2110	57	27	2	1
2111	58	27	1	0
2112	59	27	1	0
2113	60	27	1	0
2114	61	27	1	0
2115	62	27	1	0
2116	63	27	1	0
2117	64	27	1	0
2118	65	27	1	0
2119	66	27	1	0
2120	67	27	1	0
2121	68	27	1	0
2122	69	27	1	0
2123	70	27	4	1
2124	71	27	1	0
2125	72	27	1	0
2126	73	27	1	0
2127	74	27	1	0
2128	75	27	0	1
2129	0	28	0	1
2130	1	28	1	0
2131	2	28	1	0
2132	3	28	1	0
2133	4	28	2	1
2134	5	28	2	1
2135	6	28	2	1
2136	7	28	2	1
2137	8	28	2	1
2138	9	28	2	1
2139	10	28	2	1
2140	11	28	2	1
2141	12	28	2	1
2142	13	28	2	1
2143	14	28	2	1
2144	15	28	2	1
2145	16	28	2	1
2146	17	28	2	1
2147	18	28	2	1
2148	19	28	2	1
2149	20	28	1	0
2150	21	28	1	0
2151	22	28	1	0
2152	23	28	2	1
2153	24	28	2	1
2154	25	28	2	1
2155	26	28	2	1
2156	27	28	2	1
2157	28	28	2	1
2158	29	28	2	1
2159	30	28	2	1
2160	31	28	2	1
2161	32	28	2	1
2162	33	28	2	1
2163	34	28	2	1
2164	35	28	2	1
2165	36	28	2	1
2166	37	28	2	1
2167	38	28	2	1
2168	39	28	1	0
2169	40	28	1	0
2170	41	28	1	0
2171	42	28	2	1
2172	43	28	2	1
2173	44	28	2	1
2174	45	28	2	1
2175	46	28	2	1
2176	47	28	2	1
2177	48	28	2	1
2178	49	28	2	1
2179	50	28	2	1
2180	51	28	2	1
2181	52	28	2	1
2182	53	28	2	1
2183	54	28	2	1
2184	55	28	2	1
2185	56	28	2	1
2186	57	28	2	1
2187	58	28	1	0
2188	59	28	1	0
2189	60	28	1	0
2190	61	28	1	0
2191	62	28	1	0
2192	63	28	1	0
2193	64	28	1	0
2194	65	28	1	0
2195	66	28	1	0
2196	67	28	1	0
2197	68	28	1	0
2198	69	28	1	0
2199	70	28	4	1
2200	71	28	1	0
2201	72	28	1	0
2202	73	28	1	0
2203	74	28	1	0
2204	75	28	0	1
2205	0	29	0	1
2206	1	29	1	0
2207	2	29	1	0
2208	3	29	1	0
2209	4	29	1	0
2210	5	29	1	0
2211	6	29	1	0
2212	7	29	1	0
2213	8	29	1	0
2214	9	29	1	0
2215	10	29	1	0
2216	11	29	1	0
2217	12	29	1	0
2218	13	29	1	0
2219	14	29	1	0
2220	15	29	1	0
2221	16	29	1	0
2222	17	29	1	0
2223	18	29	1	0
2224	19	29	1	0
2225	20	29	1	0
2226	21	29	1	0
2227	22	29	1	0
2228	23	29	1	0
2229	24	29	1	0
2230	25	29	1	0
2231	26	29	1	0
2232	27	29	1	0
2233	28	29	1	0
2234	29	29	1	0
2235	30	29	1	0
2236	31	29	1	0
2237	32	29	1	0
2238	33	29	1	0
2239	34	29	1	0
2240	35	29	1	0
2241	36	29	1	0
2242	37	29	1	0
2243	38	29	1	0
2244	39	29	1	0
2245	40	29	1	0
2246	41	29	1	0
2247	42	29	1	0
2248	43	29	1	0
2249	44	29	1	0
2250	45	29	1	0
2251	46	29	1	0
2252	47	29	1	0
2253	48	29	1	0
2254	49	29	1	0
2255	50	29	1	0
2256	51	29	1	0
2257	52	29	1	0
2258	53	29	1	0
2259	54	29	1	0
2260	55	29	1	0
2261	56	29	1	0
2262	57	29	1	0
2263	58	29	1	0
2264	59	29	1	0
2265	60	29	1	0
2266	61	29	1	0
2267	62	29	1	0
2268	63	29	1	0
2269	64	29	1	0
2270	65	29	1	0
2271	66	29	1	0
2272	67	29	1	0
2273	68	29	1	0
2274	69	29	1	0
2275	70	29	4	1
2276	71	29	1	0
2277	72	29	1	0
2278	73	29	1	0
2279	74	29	1	0
2280	75	29	0	1
2281	0	30	0	1
2282	1	30	1	0
2283	2	30	1	0
2284	3	30	1	0
2285	4	30	1	0
2286	5	30	1	0
2287	6	30	1	0
2288	7	30	1	0
2289	8	30	1	0
2290	9	30	1	0
2291	10	30	1	0
2292	11	30	1	0
2293	12	30	1	0
2294	13	30	1	0
2295	14	30	1	0
2296	15	30	1	0
2297	16	30	1	0
2298	17	30	1	0
2299	18	30	1	0
2300	19	30	1	0
2301	20	30	1	0
2302	21	30	1	0
2303	22	30	1	0
2304	23	30	1	0
2305	24	30	1	0
2306	25	30	1	0
2307	26	30	1	0
2308	27	30	1	0
2309	28	30	1	0
2310	29	30	1	0
2311	30	30	1	0
2312	31	30	1	0
2313	32	30	1	0
2314	33	30	1	0
2315	34	30	1	0
2316	35	30	1	0
2317	36	30	1	0
2318	37	30	1	0
2319	38	30	1	0
2320	39	30	1	0
2321	40	30	1	0
2322	41	30	1	0
2323	42	30	1	0
2324	43	30	1	0
2325	44	30	1	0
2326	45	30	1	0
2327	46	30	1	0
2328	47	30	1	0
2329	48	30	1	0
2330	49	30	1	0
2331	50	30	1	0
2332	51	30	1	0
2333	52	30	1	0
2334	53	30	1	0
2335	54	30	1	0
2336	55	30	1	0
2337	56	30	1	0
2338	57	30	1	0
2339	58	30	1	0
2340	59	30	1	0
2341	60	30	1	0
2342	61	30	1	0
2343	62	30	1	0
2344	63	30	1	0
2345	64	30	1	0
2346	65	30	1	0
2347	66	30	1	0
2348	67	30	1	0
2349	68	30	1	0
2350	69	30	1	0
2351	70	30	4	1
2352	71	30	1	0
2353	72	30	1	0
2354	73	30	1	0
2355	74	30	1	0
2356	75	30	0	1
2357	0	31	0	1
2358	1	31	1	0
2359	2	31	1	0
2360	3	31	1	0
2361	4	31	1	0
2362	5	31	1	0
2363	6	31	1	0
2364	7	31	1	0
2365	8	31	1	0
2366	9	31	1	0
2367	10	31	1	0
2368	11	31	1	0
2369	12	31	1	0
2370	13	31	1	0
2371	14	31	1	0
2372	15	31	1	0
2373	16	31	1	0
2374	17	31	1	0
2375	18	31	1	0
2376	19	31	1	0
2377	20	31	1	0
2378	21	31	1	0
2379	22	31	1	0
2380	23	31	1	0
2381	24	31	1	0
2382	25	31	1	0
2383	26	31	1	0
2384	27	31	1	0
2385	28	31	1	0
2386	29	31	1	0
2387	30	31	1	0
2388	31	31	1	0
2389	32	31	1	0
2390	33	31	1	0
2391	34	31	1	0
2392	35	31	1	0
2393	36	31	1	0
2394	37	31	1	0
2395	38	31	1	0
2396	39	31	1	0
2397	40	31	1	0
2398	41	31	1	0
2399	42	31	1	0
2400	43	31	1	0
2401	44	31	1	0
2402	45	31	1	0
2403	46	31	1	0
2404	47	31	1	0
2405	48	31	1	0
2406	49	31	1	0
2407	50	31	1	0
2408	51	31	1	0
2409	52	31	1	0
2410	53	31	1	0
2411	54	31	1	0
2412	55	31	1	0
2413	56	31	1	0
2414	57	31	1	0
2415	58	31	1	0
2416	59	31	1	0
2417	60	31	1	0
2418	61	31	1	0
2419	62	31	1	0
2420	63	31	1	0
2421	64	31	1	0
2422	65	31	1	0
2423	66	31	1	0
2424	67	31	1	0
2425	68	31	1	0
2426	69	31	1	0
2427	70	31	4	1
2428	71	31	1	0
2429	72	31	1	0
2430	73	31	1	0
2431	74	31	1	0
2432	75	31	0	1
2433	0	32	0	1
2434	1	32	1	0
2435	2	32	1	0
2436	3	32	1	0
2437	4	32	2	1
2438	5	32	2	1
2439	6	32	2	1
2440	7	32	2	1
2441	8	32	2	1
2442	9	32	2	1
2443	10	32	2	1
2444	11	32	2	1
2445	12	32	2	1
2446	13	32	2	1
2447	14	32	2	1
2448	15	32	2	1
2449	16	32	2	1
2450	17	32	2	1
2451	18	32	2	1
2452	19	32	2	1
2453	20	32	1	0
2454	21	32	1	0
2455	22	32	1	0
2456	23	32	2	1
2457	24	32	2	1
2458	25	32	2	1
2459	26	32	2	1
2460	27	32	2	1
2461	28	32	2	1
2462	29	32	2	1
2463	30	32	2	1
2464	31	32	2	1
2465	32	32	2	1
2466	33	32	2	1
2467	34	32	2	1
2468	35	32	2	1
2469	36	32	2	1
2470	37	32	2	1
2471	38	32	2	1
2472	39	32	1	0
2473	40	32	1	0
2474	41	32	1	0
2475	42	32	2	1
2476	43	32	2	1
2477	44	32	2	1
2478	45	32	2	1
2479	46	32	2	1
2480	47	32	2	1
2481	48	32	2	1
2482	49	32	2	1
2483	50	32	2	1
2484	51	32	2	1
2485	52	32	2	1
2486	53	32	2	1
2487	54	32	2	1
2488	55	32	2	1
2489	56	32	2	1
2490	57	32	2	1
2491	58	32	1	0
2492	59	32	1	0
2493	60	32	1	0
2494	61	32	1	0
2495	62	32	1	0
2496	63	32	1	0
2497	64	32	1	0
2498	65	32	1	0
2499	66	32	1	0
2500	67	32	1	0
2501	68	32	1	0
2502	69	32	1	0
2503	70	32	4	1
2504	71	32	1	0
2505	72	32	1	0
2506	73	32	1	0
2507	74	32	1	0
2508	75	32	0	1
2509	0	33	0	1
2510	1	33	1	0
2511	2	33	1	0
2512	3	33	1	0
2513	4	33	2	1
2514	5	33	2	1
2515	6	33	2	1
2516	7	33	2	1
2517	8	33	2	1
2518	9	33	2	1
2519	10	33	2	1
2520	11	33	2	1
2521	12	33	2	1
2522	13	33	2	1
2523	14	33	2	1
2524	15	33	2	1
2525	16	33	2	1
2526	17	33	2	1
2527	18	33	2	1
2528	19	33	2	1
2529	20	33	1	0
2530	21	33	1	0
2531	22	33	1	0
2532	23	33	2	1
2533	24	33	2	1
2534	25	33	2	1
2535	26	33	2	1
2536	27	33	2	1
2537	28	33	2	1
2538	29	33	2	1
2539	30	33	2	1
2540	31	33	2	1
2541	32	33	2	1
2542	33	33	2	1
2543	34	33	2	1
2544	35	33	2	1
2545	36	33	2	1
2546	37	33	2	1
2547	38	33	2	1
2548	39	33	1	0
2549	40	33	1	0
2550	41	33	1	0
2551	42	33	2	1
2552	43	33	2	1
2553	44	33	2	1
2554	45	33	2	1
2555	46	33	2	1
2556	47	33	2	1
2557	48	33	2	1
2558	49	33	2	1
2559	50	33	2	1
2560	51	33	2	1
2561	52	33	2	1
2562	53	33	2	1
2563	54	33	2	1
2564	55	33	2	1
2565	56	33	2	1
2566	57	33	2	1
2567	58	33	1	0
2568	59	33	1	0
2569	60	33	1	0
2570	61	33	1	0
2571	62	33	1	0
2572	63	33	1	0
2573	64	33	1	0
2574	65	33	1	0
2575	66	33	1	0
2576	67	33	1	0
2577	68	33	1	0
2578	69	33	1	0
2579	70	33	4	1
2580	71	33	1	0
2581	72	33	1	0
2582	73	33	1	0
2583	74	33	1	0
2584	75	33	0	1
2585	0	34	0	1
2586	1	34	1	0
2587	2	34	1	0
2588	3	34	1	0
2589	4	34	2	1
2590	5	34	2	1
2591	6	34	3	1
2592	7	34	3	1
2593	8	34	3	1
2594	9	34	3	1
2595	10	34	3	1
2596	11	34	3	1
2597	12	34	3	1
2598	13	34	3	1
2599	14	34	3	1
2600	15	34	3	1
2601	16	34	3	1
2602	17	34	3	1
2603	18	34	2	1
2604	19	34	2	1
2605	20	34	1	0
2606	21	34	1	0
2607	22	34	1	0
2608	23	34	2	1
2609	24	34	2	1
2610	25	34	3	1
2611	26	34	3	1
2612	27	34	3	1
2613	28	34	3	1
2614	29	34	3	1
2615	30	34	3	1
2616	31	34	3	1
2617	32	34	3	1
2618	33	34	3	1
2619	34	34	3	1
2620	35	34	3	1
2621	36	34	3	1
2622	37	34	2	1
2623	38	34	2	1
2624	39	34	1	0
2625	40	34	1	0
2626	41	34	1	0
2627	42	34	2	1
2628	43	34	2	1
2629	44	34	3	1
2630	45	34	3	1
2631	46	34	3	1
2632	47	34	3	1
2633	48	34	3	1
2634	49	34	3	1
2635	50	34	3	1
2636	51	34	3	1
2637	52	34	3	1
2638	53	34	3	1
2639	54	34	3	1
2640	55	34	3	1
2641	56	34	2	1
2642	57	34	2	1
2643	58	34	1	0
2644	59	34	1	0
2645	60	34	1	0
2646	61	34	1	0
2647	62	34	1	0
2648	63	34	1	0
2649	64	34	1	0
2650	65	34	1	0
2651	66	34	1	0
2652	67	34	1	0
2653	68	34	1	0
2654	69	34	1	0
2655	70	34	4	1
2656	71	34	1	0
2657	72	34	1	0
2658	73	34	1	0
2659	74	34	1	0
2660	75	34	0	1
2661	0	35	0	1
2662	1	35	1	0
2663	2	35	1	0
2664	3	35	1	0
2665	4	35	2	1
2666	5	35	2	1
2667	6	35	3	1
2668	7	35	3	1
2669	8	35	3	1
2670	9	35	3	1
2671	10	35	3	1
2672	11	35	3	1
2673	12	35	3	1
2674	13	35	3	1
2675	14	35	3	1
2676	15	35	3	1
2677	16	35	3	1
2678	17	35	3	1
2679	18	35	2	1
2680	19	35	2	1
2681	20	35	1	0
2682	21	35	1	0
2683	22	35	1	0
2684	23	35	2	1
2685	24	35	2	1
2686	25	35	3	1
2687	26	35	3	1
2688	27	35	3	1
2689	28	35	3	1
2690	29	35	3	1
2691	30	35	3	1
2692	31	35	3	1
2693	32	35	3	1
2694	33	35	3	1
2695	34	35	3	1
2696	35	35	3	1
2697	36	35	3	1
2698	37	35	2	1
2699	38	35	2	1
2700	39	35	1	0
2701	40	35	1	0
2702	41	35	1	0
2703	42	35	2	1
2704	43	35	2	1
2705	44	35	3	1
2706	45	35	3	1
2707	46	35	3	1
2708	47	35	3	1
2709	48	35	3	1
2710	49	35	3	1
2711	50	35	3	1
2712	51	35	3	1
2713	52	35	3	1
2714	53	35	3	1
2715	54	35	3	1
2716	55	35	3	1
2717	56	35	2	1
2718	57	35	2	1
2719	58	35	1	0
2720	59	35	1	0
2721	60	35	1	0
2722	61	35	1	0
2723	62	35	1	0
2724	63	35	1	0
2725	64	35	1	0
2726	65	35	1	0
2727	66	35	1	0
2728	67	35	1	0
2729	68	35	1	0
2730	69	35	1	0
2731	70	35	4	1
2732	71	35	1	0
2733	72	35	1	0
2734	73	35	1	0
2735	74	35	1	0
2736	75	35	0	1
2737	0	36	0	1
2738	1	36	1	0
2739	2	36	1	0
2740	3	36	1	0
2741	4	36	2	1
2742	5	36	2	1
2743	6	36	2	1
2744	7	36	2	1
2745	8	36	2	1
2746	9	36	2	1
2747	10	36	2	1
2748	11	36	2	1
2749	12	36	2	1
2750	13	36	2	1
2751	14	36	2	1
2752	15	36	2	1
2753	16	36	2	1
2754	17	36	2	1
2755	18	36	2	1
2756	19	36	2	1
2757	20	36	1	0
2758	21	36	1	0
2759	22	36	1	0
2760	23	36	2	1
2761	24	36	2	1
2762	25	36	2	1
2763	26	36	2	1
2764	27	36	2	1
2765	28	36	2	1
2766	29	36	2	1
2767	30	36	2	1
2768	31	36	2	1
2769	32	36	2	1
2770	33	36	2	1
2771	34	36	2	1
2772	35	36	2	1
2773	36	36	2	1
2774	37	36	2	1
2775	38	36	2	1
2776	39	36	1	0
2777	40	36	1	0
2778	41	36	1	0
2779	42	36	2	1
2780	43	36	2	1
2781	44	36	2	1
2782	45	36	2	1
2783	46	36	2	1
2784	47	36	2	1
2785	48	36	2	1
2786	49	36	2	1
2787	50	36	2	1
2788	51	36	2	1
2789	52	36	2	1
2790	53	36	2	1
2791	54	36	2	1
2792	55	36	2	1
2793	56	36	2	1
2794	57	36	2	1
2795	58	36	1	0
2796	59	36	1	0
2797	60	36	1	0
2798	61	36	1	0
2799	62	36	1	0
2800	63	36	1	0
2801	64	36	1	0
2802	65	36	1	0
2803	66	36	1	0
2804	67	36	1	0
2805	68	36	1	0
2806	69	36	1	0
2807	70	36	4	1
2808	71	36	1	0
2809	72	36	1	0
2810	73	36	1	0
2811	74	36	1	0
2812	75	36	0	1
2813	0	37	0	1
2814	1	37	1	0
2815	2	37	1	0
2816	3	37	1	0
2817	4	37	2	1
2818	5	37	2	1
2819	6	37	2	1
2820	7	37	2	1
2821	8	37	2	1
2822	9	37	2	1
2823	10	37	2	1
2824	11	37	2	1
2825	12	37	2	1
2826	13	37	2	1
2827	14	37	2	1
2828	15	37	2	1
2829	16	37	2	1
2830	17	37	2	1
2831	18	37	2	1
2832	19	37	2	1
2833	20	37	1	0
2834	21	37	1	0
2835	22	37	1	0
2836	23	37	2	1
2837	24	37	2	1
2838	25	37	2	1
2839	26	37	2	1
2840	27	37	2	1
2841	28	37	2	1
2842	29	37	2	1
2843	30	37	2	1
2844	31	37	2	1
2845	32	37	2	1
2846	33	37	2	1
2847	34	37	2	1
2848	35	37	2	1
2849	36	37	2	1
2850	37	37	2	1
2851	38	37	2	1
2852	39	37	1	0
2853	40	37	1	0
2854	41	37	1	0
2855	42	37	2	1
2856	43	37	2	1
2857	44	37	2	1
2858	45	37	2	1
2859	46	37	2	1
2860	47	37	2	1
2861	48	37	2	1
2862	49	37	2	1
2863	50	37	2	1
2864	51	37	2	1
2865	52	37	2	1
2866	53	37	2	1
2867	54	37	2	1
2868	55	37	2	1
2869	56	37	2	1
2870	57	37	2	1
2871	58	37	1	0
2872	59	37	1	0
2873	60	37	1	0
2874	61	37	1	0
2875	62	37	1	0
2876	63	37	1	0
2877	64	37	1	0
2878	65	37	1	0
2879	66	37	1	0
2880	67	37	1	0
2881	68	37	1	0
2882	69	37	1	0
2883	70	37	4	1
2884	71	37	1	0
2885	72	37	1	0
2886	73	37	1	0
2887	74	37	1	0
2888	75	37	0	1
2889	0	38	0	1
2890	1	38	1	0
2891	2	38	1	0
2892	3	38	1	0
2893	4	38	2	1
2894	5	38	2	1
2895	6	38	2	1
2896	7	38	2	1
2897	8	38	2	1
2898	9	38	2	1
2899	10	38	2	1
2900	11	38	2	1
2901	12	38	2	1
2902	13	38	2	1
2903	14	38	2	1
2904	15	38	2	1
2905	16	38	2	1
2906	17	38	2	1
2907	18	38	2	1
2908	19	38	2	1
2909	20	38	1	0
2910	21	38	1	0
2911	22	38	1	0
2912	23	38	2	1
2913	24	38	2	1
2914	25	38	2	1
2915	26	38	2	1
2916	27	38	2	1
2917	28	38	2	1
2918	29	38	2	1
2919	30	38	2	1
2920	31	38	2	1
2921	32	38	2	1
2922	33	38	2	1
2923	34	38	2	1
2924	35	38	2	1
2925	36	38	2	1
2926	37	38	2	1
2927	38	38	2	1
2928	39	38	1	0
2929	40	38	1	0
2930	41	38	1	0
2931	42	38	2	1
2932	43	38	2	1
2933	44	38	2	1
2934	45	38	2	1
2935	46	38	2	1
2936	47	38	2	1
2937	48	38	2	1
2938	49	38	2	1
2939	50	38	2	1
2940	51	38	2	1
2941	52	38	2	1
2942	53	38	2	1
2943	54	38	2	1
2944	55	38	2	1
2945	56	38	2	1
2946	57	38	2	1
2947	58	38	1	0
2948	59	38	1	0
2949	60	38	1	0
2950	61	38	1	0
2951	62	38	1	0
2952	63	38	1	0
2953	64	38	1	0
2954	65	38	1	0
2955	66	38	1	0
2956	67	38	1	0
2957	68	38	1	0
2958	69	38	1	0
2959	70	38	4	1
2960	71	38	1	0
2961	72	38	1	0
2962	73	38	1	0
2963	74	38	1	0
2964	75	38	0	1
2965	0	39	0	1
2966	1	39	1	0
2967	2	39	1	0
2968	3	39	1	0
2969	4	39	2	1
2970	5	39	2	1
2971	6	39	3	1
2972	7	39	3	1
2973	8	39	3	1
2974	9	39	3	1
2975	10	39	3	1
2976	11	39	3	1
2977	12	39	3	1
2978	13	39	3	1
2979	14	39	3	1
2980	15	39	3	1
2981	16	39	3	1
2982	17	39	3	1
2983	18	39	2	1
2984	19	39	2	1
2985	20	39	1	0
2986	21	39	1	0
2987	22	39	1	0
2988	23	39	2	1
2989	24	39	2	1
2990	25	39	3	1
2991	26	39	3	1
2992	27	39	3	1
2993	28	39	3	1
2994	29	39	3	1
2995	30	39	3	1
2996	31	39	3	1
2997	32	39	3	1
2998	33	39	3	1
2999	34	39	3	1
3000	35	39	3	1
3001	36	39	3	1
3002	37	39	2	1
3003	38	39	2	1
3004	39	39	1	0
3005	40	39	1	0
3006	41	39	1	0
3007	42	39	2	1
3008	43	39	2	1
3009	44	39	3	1
3010	45	39	3	1
3011	46	39	3	1
3012	47	39	3	1
3013	48	39	3	1
3014	49	39	3	1
3015	50	39	3	1
3016	51	39	3	1
3017	52	39	3	1
3018	53	39	3	1
3019	54	39	3	1
3020	55	39	3	1
3021	56	39	2	1
3022	57	39	2	1
3023	58	39	1	0
3024	59	39	1	0
3025	60	39	1	0
3026	61	39	1	0
3027	62	39	1	0
3028	63	39	1	0
3029	64	39	1	0
3030	65	39	1	0
3031	66	39	1	0
3032	67	39	1	0
3033	68	39	1	0
3034	69	39	1	0
3035	70	39	4	1
3036	71	39	1	0
3037	72	39	1	0
3038	73	39	1	0
3039	74	39	1	0
3040	75	39	0	1
3041	0	40	0	1
3042	1	40	1	0
3043	2	40	1	0
3044	3	40	1	0
3045	4	40	2	1
3046	5	40	2	1
3047	6	40	3	1
3048	7	40	3	1
3049	8	40	3	1
3050	9	40	3	1
3051	10	40	3	1
3052	11	40	3	1
3053	12	40	3	1
3054	13	40	3	1
3055	14	40	3	1
3056	15	40	3	1
3057	16	40	3	1
3058	17	40	3	1
3059	18	40	2	1
3060	19	40	2	1
3061	20	40	1	0
3062	21	40	1	0
3063	22	40	1	0
3064	23	40	2	1
3065	24	40	2	1
3066	25	40	3	1
3067	26	40	3	1
3068	27	40	3	1
3069	28	40	3	1
3070	29	40	3	1
3071	30	40	3	1
3072	31	40	3	1
3073	32	40	3	1
3074	33	40	3	1
3075	34	40	3	1
3076	35	40	3	1
3077	36	40	3	1
3078	37	40	2	1
3079	38	40	2	1
3080	39	40	1	0
3081	40	40	1	0
3082	41	40	1	0
3083	42	40	2	1
3084	43	40	2	1
3085	44	40	3	1
3086	45	40	3	1
3087	46	40	3	1
3088	47	40	3	1
3089	48	40	3	1
3090	49	40	3	1
3091	50	40	3	1
3092	51	40	3	1
3093	52	40	3	1
3094	53	40	3	1
3095	54	40	3	1
3096	55	40	3	1
3097	56	40	2	1
3098	57	40	2	1
3099	58	40	1	0
3100	59	40	1	0
3101	60	40	1	0
3102	61	40	1	0
3103	62	40	1	0
3104	63	40	1	0
3105	64	40	1	0
3106	65	40	1	0
3107	66	40	1	0
3108	67	40	1	0
3109	68	40	1	0
3110	69	40	1	0
3111	70	40	4	1
3112	71	40	1	0
3113	72	40	1	0
3114	73	40	1	0
3115	74	40	1	0
3116	75	40	0	1
3117	0	41	0	1
3118	1	41	1	0
3119	2	41	1	0
3120	3	41	1	0
3121	4	41	2	1
3122	5	41	2	1
3123	6	41	2	1
3124	7	41	2	1
3125	8	41	2	1
3126	9	41	2	1
3127	10	41	2	1
3128	11	41	2	1
3129	12	41	2	1
3130	13	41	2	1
3131	14	41	2	1
3132	15	41	2	1
3133	16	41	2	1
3134	17	41	2	1
3135	18	41	2	1
3136	19	41	2	1
3137	20	41	1	0
3138	21	41	1	0
3139	22	41	1	0
3140	23	41	2	1
3141	24	41	2	1
3142	25	41	2	1
3143	26	41	2	1
3144	27	41	2	1
3145	28	41	2	1
3146	29	41	2	1
3147	30	41	2	1
3148	31	41	2	1
3149	32	41	2	1
3150	33	41	2	1
3151	34	41	2	1
3152	35	41	2	1
3153	36	41	2	1
3154	37	41	2	1
3155	38	41	2	1
3156	39	41	1	0
3157	40	41	1	0
3158	41	41	1	0
3159	42	41	2	1
3160	43	41	2	1
3161	44	41	2	1
3162	45	41	2	1
3163	46	41	2	1
3164	47	41	2	1
3165	48	41	2	1
3166	49	41	2	1
3167	50	41	2	1
3168	51	41	2	1
3169	52	41	2	1
3170	53	41	2	1
3171	54	41	2	1
3172	55	41	2	1
3173	56	41	2	1
3174	57	41	2	1
3175	58	41	1	0
3176	59	41	1	0
3177	60	41	1	0
3178	61	41	1	0
3179	62	41	1	0
3180	63	41	1	0
3181	64	41	1	0
3182	65	41	1	0
3183	66	41	1	0
3184	67	41	1	0
3185	68	41	1	0
3186	69	41	1	0
3187	70	41	4	1
3188	71	41	1	0
3189	72	41	1	0
3190	73	41	1	0
3191	74	41	1	0
3192	75	41	0	1
3193	0	42	0	1
3194	1	42	1	0
3195	2	42	1	0
3196	3	42	1	0
3197	4	42	2	1
3198	5	42	2	1
3199	6	42	2	1
3200	7	42	2	1
3201	8	42	2	1
3202	9	42	2	1
3203	10	42	2	1
3204	11	42	2	1
3205	12	42	2	1
3206	13	42	2	1
3207	14	42	2	1
3208	15	42	2	1
3209	16	42	2	1
3210	17	42	2	1
3211	18	42	2	1
3212	19	42	2	1
3213	20	42	1	0
3214	21	42	1	0
3215	22	42	1	0
3216	23	42	2	1
3217	24	42	2	1
3218	25	42	2	1
3219	26	42	2	1
3220	27	42	2	1
3221	28	42	2	1
3222	29	42	2	1
3223	30	42	2	1
3224	31	42	2	1
3225	32	42	2	1
3226	33	42	2	1
3227	34	42	2	1
3228	35	42	2	1
3229	36	42	2	1
3230	37	42	2	1
3231	38	42	2	1
3232	39	42	1	0
3233	40	42	1	0
3234	41	42	1	0
3235	42	42	2	1
3236	43	42	2	1
3237	44	42	2	1
3238	45	42	2	1
3239	46	42	2	1
3240	47	42	2	1
3241	48	42	2	1
3242	49	42	2	1
3243	50	42	2	1
3244	51	42	2	1
3245	52	42	2	1
3246	53	42	2	1
3247	54	42	2	1
3248	55	42	2	1
3249	56	42	2	1
3250	57	42	2	1
3251	58	42	1	0
3252	59	42	1	0
3253	60	42	1	0
3254	61	42	1	0
3255	62	42	1	0
3256	63	42	1	0
3257	64	42	1	0
3258	65	42	1	0
3259	66	42	1	0
3260	67	42	1	0
3261	68	42	1	0
3262	69	42	1	0
3263	70	42	4	1
3264	71	42	1	0
3265	72	42	1	0
3266	73	42	1	0
3267	74	42	1	0
3268	75	42	0	1
3269	0	43	0	1
3270	1	43	1	0
3271	2	43	1	0
3272	3	43	1	0
3273	4	43	1	0
3274	5	43	1	0
3275	6	43	1	0
3276	7	43	1	0
3277	8	43	1	0
3278	9	43	1	0
3279	10	43	1	0
3280	11	43	1	0
3281	12	43	1	0
3282	13	43	1	0
3283	14	43	1	0
3284	15	43	1	0
3285	16	43	1	0
3286	17	43	1	0
3287	18	43	1	0
3288	19	43	1	0
3289	20	43	1	0
3290	21	43	1	0
3291	22	43	1	0
3292	23	43	1	0
3293	24	43	1	0
3294	25	43	1	0
3295	26	43	1	0
3296	27	43	1	0
3297	28	43	1	0
3298	29	43	1	0
3299	30	43	1	0
3300	31	43	1	0
3301	32	43	1	0
3302	33	43	1	0
3303	34	43	1	0
3304	35	43	1	0
3305	36	43	1	0
3306	37	43	1	0
3307	38	43	1	0
3308	39	43	1	0
3309	40	43	1	0
3310	41	43	1	0
3311	42	43	1	0
3312	43	43	1	0
3313	44	43	1	0
3314	45	43	1	0
3315	46	43	1	0
3316	47	43	1	0
3317	48	43	1	0
3318	49	43	1	0
3319	50	43	1	0
3320	51	43	1	0
3321	52	43	1	0
3322	53	43	1	0
3323	54	43	1	0
3324	55	43	1	0
3325	56	43	1	0
3326	57	43	1	0
3327	58	43	1	0
3328	59	43	1	0
3329	60	43	1	0
3330	61	43	1	0
3331	62	43	1	0
3332	63	43	1	0
3333	64	43	1	0
3334	65	43	1	0
3335	66	43	1	0
3336	67	43	1	0
3337	68	43	1	0
3338	69	43	1	0
3339	70	43	4	1
3340	71	43	1	0
3341	72	43	1	0
3342	73	43	1	0
3343	74	43	1	0
3344	75	43	0	1
3345	0	44	0	1
3346	1	44	1	0
3347	2	44	1	0
3348	3	44	1	0
3349	4	44	1	0
3350	5	44	1	0
3351	6	44	1	0
3352	7	44	1	0
3353	8	44	1	0
3354	9	44	1	0
3355	10	44	1	0
3356	11	44	1	0
3357	12	44	1	0
3358	13	44	1	0
3359	14	44	1	0
3360	15	44	1	0
3361	16	44	1	0
3362	17	44	1	0
3363	18	44	1	0
3364	19	44	1	0
3365	20	44	1	0
3366	21	44	1	0
3367	22	44	1	0
3368	23	44	1	0
3369	24	44	1	0
3370	25	44	1	0
3371	26	44	1	0
3372	27	44	1	0
3373	28	44	1	0
3374	29	44	1	0
3375	30	44	1	0
3376	31	44	1	0
3377	32	44	1	0
3378	33	44	1	0
3379	34	44	1	0
3380	35	44	1	0
3381	36	44	1	0
3382	37	44	1	0
3383	38	44	1	0
3384	39	44	1	0
3385	40	44	1	0
3386	41	44	1	0
3387	42	44	1	0
3388	43	44	1	0
3389	44	44	1	0
3390	45	44	1	0
3391	46	44	1	0
3392	47	44	1	0
3393	48	44	1	0
3394	49	44	1	0
3395	50	44	1	0
3396	51	44	1	0
3397	52	44	1	0
3398	53	44	1	0
3399	54	44	1	0
3400	55	44	1	0
3401	56	44	1	0
3402	57	44	1	0
3403	58	44	1	0
3404	59	44	1	0
3405	60	44	1	0
3406	61	44	1	0
3407	62	44	1	0
3408	63	44	1	0
3409	64	44	1	0
3410	65	44	1	0
3411	66	44	1	0
3412	67	44	1	0
3413	68	44	1	0
3414	69	44	1	0
3415	70	44	1	0
3416	71	44	1	0
3417	72	44	1	0
3418	73	44	1	0
3419	74	44	1	0
3420	75	44	0	1
3421	0	45	0	1
3422	1	45	1	0
3423	2	45	1	0
3424	3	45	1	0
3425	4	45	1	0
3426	5	45	1	0
3427	6	45	1	0
3428	7	45	1	0
3429	8	45	1	0
3430	9	45	1	0
3431	10	45	1	0
3432	11	45	1	0
3433	12	45	1	0
3434	13	45	1	0
3435	14	45	1	0
3436	15	45	1	0
3437	16	45	1	0
3438	17	45	1	0
3439	18	45	1	0
3440	19	45	1	0
3441	20	45	1	0
3442	21	45	1	0
3443	22	45	1	0
3444	23	45	1	0
3445	24	45	1	0
3446	25	45	1	0
3447	26	45	1	0
3448	27	45	1	0
3449	28	45	1	0
3450	29	45	1	0
3451	30	45	1	0
3452	31	45	1	0
3453	32	45	1	0
3454	33	45	1	0
3455	34	45	1	0
3456	35	45	1	0
3457	36	45	1	0
3458	37	45	1	0
3459	38	45	1	0
3460	39	45	1	0
3461	40	45	1	0
3462	41	45	1	0
3463	42	45	1	0
3464	43	45	1	0
3465	44	45	1	0
3466	45	45	1	0
3467	46	45	1	0
3468	47	45	1	0
3469	48	45	1	0
3470	49	45	1	0
3471	50	45	1	0
3472	51	45	1	0
3473	52	45	1	0
3474	53	45	1	0
3475	54	45	1	0
3476	55	45	1	0
3477	56	45	1	0
3478	57	45	1	0
3479	58	45	1	0
3480	59	45	1	0
3481	60	45	1	0
3482	61	45	1	0
3483	62	45	1	0
3484	63	45	1	0
3485	64	45	1	0
3486	65	45	1	0
3487	66	45	1	0
3488	67	45	1	0
3489	68	45	1	0
3490	69	45	1	0
3491	70	45	1	0
3492	71	45	1	0
3493	72	45	1	0
3494	73	45	1	0
3495	74	45	1	0
3496	75	45	0	1
3497	0	46	0	1
3498	1	46	0	1
3499	2	46	0	1
3500	3	46	0	1
3501	4	46	0	1
3502	5	46	0	1
3503	6	46	0	1
3504	7	46	0	1
3505	8	46	0	1
3506	9	46	0	1
3507	10	46	0	1
3508	11	46	0	1
3509	12	46	0	1
3510	13	46	0	1
3511	14	46	0	1
3512	15	46	0	1
3513	16	46	0	1
3514	17	46	0	1
3515	18	46	0	1
3516	19	46	0	1
3517	20	46	0	1
3518	21	46	0	1
3519	22	46	0	1
3520	23	46	0	1
3521	24	46	0	1
3522	25	46	0	1
3523	26	46	0	1
3524	27	46	0	1
3525	28	46	0	1
3526	29	46	0	1
3527	30	46	0	1
3528	31	46	0	1
3529	32	46	0	1
3530	33	46	0	1
3531	34	46	0	1
3532	35	46	0	1
3533	36	46	0	1
3534	37	46	0	1
3535	38	46	0	1
3536	39	46	0	1
3537	40	46	0	1
3538	41	46	0	1
3539	42	46	0	1
3540	43	46	0	1
3541	44	46	0	1
3542	45	46	0	1
3543	46	46	0	1
3544	47	46	0	1
3545	48	46	0	1
3546	49	46	0	1
3547	50	46	0	1
3548	51	46	0	1
3549	52	46	0	1
3550	53	46	0	1
3551	54	46	0	1
3552	55	46	0	1
3553	56	46	0	1
3554	57	46	0	1
3555	58	46	0	1
3556	59	46	0	1
3557	60	46	0	1
3558	61	46	0	1
3559	62	46	0	1
3560	63	46	0	1
3561	64	46	0	1
3562	65	46	0	1
3563	66	46	0	1
3564	67	46	0	1
3565	68	46	0	1
3566	69	46	0	1
3567	70	46	0	1
3568	71	46	0	1
3569	72	46	0	1
3570	73	46	0	1
3571	74	46	0	1
3572	75	46	0	1