1    20    6    19   6     0
2    20    7    19   6     0
3    20    11    19   6     0
4    20    12    19   6     0
5    21    6    19   7     0
6    21    7    19   7     0
7    21    11    19   7     0
8    21    12    19   7     0
9    22    6    14   22     0
10    22    7    14   22     0
11    22    11    14   22     0
12    22    12    14   22     0
13    23    6    13   5     0
14    23    7    13   5     0
15    23    11    13   5     0
16    23    12    13   5     0
17    24    6    16   35     0
18    24    7    16   35     0
19    24    11    16   35     0
20    24    12    16   35     0
21    25    6    12   23     0
22    25    7    12   23     0
23    25    11    12   23     0
24    25    12    12   23     0
25    26    6    18   28     0
26    26    7    18   28     0
27    26    11    18   28     0
28    26    12    18   28     0
29    27    6    16   34     0
30    27    7    13   32     0
31    27    11    13   32     0
32    27    12    13   32     0
33    28    6    12   4     0
34    28    7    12   4     0
35    28    11    12   4     0
36    28    12    12   4     0
37    29    6    13   1     0
38    29    7    13   1     0
39    29    11    13   1     0
40    29    12    13   1     0
41    30    6    13   9     0
42    30    7    13   9     0
43    30    11    13   9     0
44    30    12    13   9     0
45    31    6    16   21     0
46    31    7    16   21     0
47    31    11    16   21     0
48    31    12    14   22     0
49    20    20    19   6     0
50    20    21    19   6     0
51    20    25    19   6     0
52    20    26    19   6     0
53    21    20    19   7     0
54    21    21    19   7     0
55    21    25    19   7     0
56    21    26    19   7     0
57    22    20    14   22     0
58    22    21    14   22     0
59    22    25    14   22     0
60    22    26    14   22     0
61    23    20    13   5     0
62    23    21    13   5     0
63    23    25    13   5     0
64    23    26    13   5     0
65    24    20    16   35     0
66    24    21    16   35     0
67    24    25    16   35     0
68    24    26    16   35     0
69    25    20    12   23     0
70    25    21    12   23     0
71    25    25    12   23     0
72    25    26    12   23     0
73    26    20    18   28     0
74    26    21    18   28     0
75    26    25    18   28     0
76    26    26    18   28     0
77    27    20    13   32     0
78    27    21    13   32     0
79    27    25    13   32     0
80    27    26    13   32     0
81    28    20    12   4     0
82    28    21    12   4     0
83    28    25    12   4     0
84    28    26    12   4     0
85    29    20    13   1     0
86    29    21    13   1     0
87    29    25    13   1     0
88    29    26    13   1     0
89    30    20    13   9     0
90    30    21    13   9     0
91    30    25    13   9     0
92    30    26    13   9     0
93    31    20    19   7     0
94    31    21    19   7     0
95    31    25    19   7     0
96    31    26    16   35     0
97    20    34    19   6     0
98    20    35    19   6     0
99    20    39    19   6     0
100    20    40    19   6     0
101    21    34    19   7     0
102    21    35    19   7     0
103    21    39    19   7     0
104    21    40    19   7     0
105    22    34    14   22     0
106    22    35    14   22     0
107    22    39    14   22     0
108    22    40    14   22     0
109    23    34    13   5     0
110    23    35    13   5     0
111    23    39    13   5     0
112    23    40    13   5     0
113    24    34    16   35     0
114    24    35    16   35     0
115    24    39    16   35     0
116    24    40    16   35     0
117    25    34    12   23     0
118    25    35    12   23     0
119    25    39    12   23     0
120    25    40    12   23     0
121    26    34    18   28     0
122    26    35    18   28     0
123    26    39    16   34     0
124    26    40    16   34     0
125    27    34    13   32     0
126    27    35    13   32     0
127    27    39    13   32     0
128    27    40    13   32     0
129    28    34    12   4     0
130    28    35    12   4     0
131    28    39    12   4     0
132    28    40    12   4     0
133    29    34    13   1     0
134    29    35    13   1     0
135    29    39    13   1     0
136    29    40    13   1     0
137    30    34    13   9     0
138    30    35    13   9     0
139    30    39    13   9     0
140    30    40    16   35     0
141    31    34    16   35     0
142    31    35    16   35     0
143    31    39    16   21     0
144    31    40    16   21     0
145    20    48    19   6     0
146    20    49    19   6     0
147    20    53    19   6     0
148    20    54    19   6     0
149    21    48    19   7     0
150    21    49    19   7     0
151    21    53    19   7     0
152    21    54    19   7     0
153    22    48    14   22     0
154    22    49    14   22     0
155    22    53    14   22     0
156    22    54    14   22     0
157    23    48    13   5     0
158    23    49    13   5     0
159    23    53    13   5     0
160    23    54    13   5     0
161    24    48    16   35     0
162    24    49    16   35     0
163    24    53    16   35     0
164    24    54    16   35     0
165    25    48    12   23     0
166    25    49    12   23     0
167    25    53    12   23     0
168    25    54    12   23     0
169    26    48    16   34     0
170    26    49    16   34     0
171    26    53    16   34     0
172    26    54    16   34     0
173    27    48    13   32     0
174    27    49    13   32     0
175    27    53    13   32     0
176    27    54    13   32     0
177    28    48    12   4     0
178    28    49    12   4     0
179    28    53    12   4     0
180    28    54    12   4     0
181    29    48    13   1     0
182    29    49    13   1     0
183    29    53    13   1     0
184    29    54    12   23     0
185    30    48    13   9     0
186    30    49    12   23     0
187    30    53    12   23     0
188    30    54    13   9     0
189    31    48    16   35     0
190    31    49    16   21     0
191    31    53    12   23     0
192    31    54    16   34     0
193    20    62    19   6     0
194    20    63    19   6     0
195    20    67    19   6     0
196    20    68    19   6     0
197    21    62    19   7     0
198    21    63    19   7     0
199    21    67    14   22     0
200    21    68    14   22     0
201    22    62    14   22     0
202    22    63    14   22     0
203    22    67    14   22     0
204    22    68    14   22     0
205    23    62    13   5     0
206    23    63    13   5     0
207    23    67    13   5     0
208    23    68    13   5     0
209    24    62    12   23     0
210    24    63    12   23     0
211    24    67    12   23     0
212    24    68    12   23     0
213    25    62    12   23     0
214    25    63    18   28     0
215    25    67    18   28     0
216    25    68    18   28     0
217    26    62    16   34     0
218    26    63    16   34     0
219    26    67    16   34     0
220    26    68    16   34     0
221    27    62    13   32     0
222    27    63    13   32     0
223    27    67    13   32     0
224    27    68    13   32     0
225    28    62    13   32     0
226    28    63    12   4     0
227    28    67    12   4     0
228    28    68    12   4     0
229    29    62    13   1     0
230    29    63    13   32     0
231    29    67    13   9     0
232    29    68    13   9     0
233    30    62    16   34     0
234    30    63    16   34     0
235    30    67    16   34     0
236    30    68    16   34     0
237    31    62    16   34     0
238    31    63    16   34     0
239    31    67    16   34     0
240    31    68    13   9     0
241    20    76    19   6     0
242    20    77    19   6     0
243    20    81    19   6     0
244    20    82    19   7     0
245    21    76    14   22     0
246    21    77    14   22     0
247    21    81    14   22     0
248    21    82    14   22     0
249    22    76    13   5     0
250    22    77    13   5     0
251    22    81    13   5     0
252    22    82    13   5     0
253    23    76    13   5     0
254    23    77    13   5     0
255    23    81    11   5     0
256    23    82    16   35     0
257    24    76    12   23     0
258    24    77    12   23     0
259    24    81    12   23     0
260    24    82    12   23     0
261    25    76    18   28     0
262    25    77    18   28     0
263    25    81    18   28     0
264    25    82    18   28     0
265    26    76    16   34     0
266    26    77    16   34     0
267    26    81    16   34     0
268    26    82    16   34     0
269    27    76    13   32     0
270    27    77    12   4     0
271    27    81    12   4     0
272    27    82    12   4     0
273    28    76    12   4     0
274    28    77    13   1     0
275    28    81    13   1     0
276    28    82    13   1     0
277    29    76    13   9     0
278    29    77    13   9     0
279    29    81    13   9     0
280    29    82    13   9     0
281    30    76    13   9     0
282    30    77    13   9     0
283    30    81    16   21     0
284    30    82    16   21     0
285    31    76    13   9     0
286    31    77    13   9     0
287    31    81    16   21     0
288    31    82    16   21     0
289    39    6    16   21     0
290    39    7    16   21     0
291    39    11    16   21     0
292    39    12    16   21     0
293    40    6    16   27     0
294    40    7    16   27     0
295    40    11    16   27     0
296    40    12    16   27     0
297    41    6    12   3     0
298    41    7    12   3     0
299    41    11    12   3     0
300    41    12    12   3     0
301    42    6    12   29     0
302    42    7    11   30     0
303    42    11    11   30     0
304    42    12    11   30     0
305    43    6    12   15     0
306    43    7    12   15     0
307    43    11    12   15     0
308    43    12    12   15     0
309    44    6    13   11     0
310    44    7    7   12     0
311    44    11    7   12     0
312    44    12    7   12     0
313    45    6    7   12     0
314    45    7    7   12     0
315    45    11    7   12     0
316    45    12    7   12     0
317    46    6    9   33     0
318    46    7    9   33     0
319    46    11    9   33     0
320    46    12    9   33     0
321    47    6    10   10     0
322    47    7    10   10     0
323    47    11    10   10     0
324    47    12    10   20     0
325    48    6    8   40     0
326    48    7    13   1     0
327    48    11    13   1     0
328    48    12    8   40     0
329    49    6    8   36     0
330    49    7    8   36     0
331    49    11    11   38     0
332    49    12    11   38     0
333    50    6    11   38     0
334    50    7    11   38     0
335    50    11    11   38     0
336    50    12    12   3     0
337    39    20    16   21     0
338    39    21    11   38     0
339    39    25    11   38     0
340    39    26    11   38     0
341    40    20    16   27     0
342    40    21    16   27     0
343    40    25    16   27     0
344    40    26    16   27     0
345    41    20    12   3     0
346    41    21    12   3     0
347    41    25    12   3     0
348    41    26    12   29     0
349    42    20    11   30     0
350    42    21    11   30     0
351    42    25    11   30     0
352    42    26    11   30     0
353    43    20    12   15     0
354    43    21    12   15     0
355    43    25    12   15     0
356    43    26    12   15     0
357    44    20    7   12     0
358    44    21    7   12     0
359    44    25    7   12     0
360    44    26    7   12     0
361    45    20    7   12     0
362    45    21    7   12     0
363    45    25    7   12     0
364    45    26    9   33     0
365    46    20    9   33     0
366    46    21    10   10     0
367    46    25    10   10     0
368    46    26    10   10     0
369    47    20    10   20     0
370    47    21    10   20     0
371    47    25    10   20     0
372    47    26    10   20     0
373    48    20    8   40     0
374    48    21    8   40     0
375    48    25    8   40     0
376    48    26    8   40     0
377    49    20    11   38     0
378    49    21    11   38     0
379    49    25    11   38     0
380    49    26    11   38     0
381    50    20    12   3     0
382    50    21    12   3     0
383    50    25    12   3     0
384    50    26    11   30     0
385    39    34    11   38     0
386    39    35    11   38     0
387    39    39    11   38     0
388    39    40    11   38     0
389    40    34    16   27     0
390    40    35    16   27     0
391    40    39    16   27     0
392    40    40    16   27     0
393    41    34    12   29     0
394    41    35    12   29     0
395    41    39    12   29     0
396    41    40    12   29     0
397    42    34    11   30     0
398    42    35    11   30     0
399    42    39    11   30     0
400    42    40    11   30     0
401    43    34    12   15     0
402    43    35    12   15     0
403    43    39    12   15     0
404    43    40    12   15     0
405    44    34    7   12     0
406    44    35    7   12     0
407    44    39    7   12     0
408    44    40    7   12     0
409    45    34    9   33     0
410    45    35    9   33     0
411    45    39    9   33     0
412    45    40    9   33     0
413    46    34    10   10     0
414    46    35    10   10     0
415    46    39    10   10     0
416    46    40    10   10     0
417    47    34    10   20     0
418    47    35    10   20     0
419    47    39    10   20     0
420    47    40    10   20     0
421    48    34    8   40     0
422    48    35    8   40     0
423    48    39    8   40     0
424    48    40    8   40     0
425    49    34    8   36     0
426    49    35    11   30     0
427    49    39    11   30     0
428    49    40    12   29     0
429    50    34    11   30     0
430    50    35    11   30     0
431    50    39    11   30     0
432    50    40    13   11     0
433    39    48    11   38     0
434    39    49    11   38     0
435    39    53    11   38     0
436    39    54    11   38     0
437    40    48    16   27     0
438    40    49    16   27     0
439    40    53    16   27     0
440    40    54    12   3     0
441    41    48    12   29     0
442    41    49    12   29     0
443    41    53    12   29     0
444    41    54    12   29     0
445    42    48    11   30     0
446    42    49    11   30     0
447    42    53    11   30     0
448    42    54    11   30     0
449    43    48    12   15     0
450    43    49    13   11     0
451    43    53    13   11     0
452    43    54    13   11     0
453    44    48    7   12     0
454    44    49    7   12     0
455    44    53    7   12     0
456    44    54    7   12     0
457    45    48    9   33     0
458    45    49    9   33     0
459    45    53    13   11     0
460    45    54    13   11     0
461    46    48    10   10     0
462    46    49    10   10     0
463    46    53    10   10     0
464    46    54    10   10     0
465    47    48    13   11     0
466    47    49    13   11     0
467    47    53    13   11     0
468    47    54    10   20     0
469    48    48    8   40     0
470    48    49    8   40     0
471    48    53    8   40     0
472    48    54    8   40     0
473    49    48    8   36     0
474    49    49    8   36     0
475    49    53    8   36     0
476    49    54    13   11     0
477    50    48    13   11     0
478    50    49    7   12     0
479    50    53    8   36     0
480    50    54    9   33     0
481    39    62    11   38     0
482    39    63    11   38     0
483    39    67    11   38     0
484    39    68    11   38     0
485    40    62    12   3     0
486    40    63    12   3     0
487    40    67    12   3     0
488    40    68    12   3     0
489    41    62    12   29     0
490    41    63    12   29     0
491    41    67    12   29     0
492    41    68    12   29     0
493    42    62    11   30     0
494    42    63    11   30     0
495    42    67    12   15     0
496    42    68    12   15     0
497    43    62    13   11     0
498    43    63    13   11     0
499    43    67    13   11     0
500    43    68    13   11     0
501    44    62    7   12     0
502    44    63    7   12     0
503    44    67    7   12     0
504    44    68    7   12     0
505    45    62    9   33     0
506    45    63    9   33     0
507    45    67    9   33     0
508    45    68    9   33     0
509    46    62    10   10     0
510    46    63    10   10     0
511    46    67    10   10     0
512    46    68    10   10     0
513    47    62    10   20     0
514    47    63    10   20     0
515    47    67    10   20     0
516    47    68    10   20     0
517    48    62    8   40     0
518    48    63    8   40     0
519    48    67    8   40     0
520    48    68    8   36     0
521    49    62    8   36     0
522    49    63    8   36     0
523    49    67    8   36     0
524    49    68    8   36     0
525    50    62    9   33     0
526    50    63    9   33     0
527    50    67    8   36     0
528    50    68    10   20     0
529    39    76    11   38     0
530    39    77    11   38     0
531    39    81    11   38     0
532    39    82    11   38     0
533    40    76    12   3     0
534    40    77    12   3     0
535    40    81    12   3     0
536    40    82    12   3     0
537    41    76    12   29     0
538    41    77    12   29     0
539    41    81    12   29     0
540    41    82    12   29     0
541    42    76    12   15     0
542    42    77    12   15     0
543    42    81    12   15     0
544    42    82    12   15     0
545    43    76    13   11     0
546    43    77    13   11     0
547    43    81    13   11     0
548    43    82    13   11     0
549    44    76    7   12     0
550    44    77    7   12     0
551    44    81    7   12     0
552    44    82    7   12     0
553    45    76    9   33     0
554    45    77    9   33     0
555    45    81    9   33     0
556    45    82    9   33     0
557    46    76    10   10     0
558    46    77    10   10     0
559    46    81    10   10     0
560    46    82    10   10     0
561    47    76    10   20     0
562    47    77    8   40     0
563    47    81    8   40     0
564    47    82    8   40     0
565    48    76    8   36     0
566    48    77    8   36     0
567    48    81    8   36     0
568    48    82    8   36     0
569    49    76    8   40     0
570    49    77    8   40     0
571    49    81    8   40     0
572    49    82    8   40     0
573    50    76    10   20     0
574    50    77    10   20     0
575    50    81    10   20     0
576    50    82    9   24     0
577    58    6    9   24     0
578    58    7    9   24     0
579    58    11    9   24     0
580    58    12    9   24     0
581    59    6    7   8     0
582    59    7    7   8     0
583    59    11    7   8     0
584    59    12    7   8     0
585    60    6    7   13     0
586    60    7    7   13     0
587    60    11    7   13     0
588    60    12    7   13     0
589    61    6    7   39     0
590    61    7    9   24     0
591    61    11    9   24     0
592    61    12    9   24     0
593    62    6    8   31     0
594    62    7    8   31     0
595    62    11    8   31     0
596    62    12    8   31     0
597    63    6    9   24     0
598    63    7    9   24     0
599    63    11    7   18     0
600    63    12    7   18     0
601    64    6    5   19     0
602    64    7    5   19     0
603    64    11    5   19     0
604    64    12    5   19     0
605    65    6    4   16     0
606    65    7    4   16     0
607    65    11    4   16     0
608    65    12    4   16     0
609    66    6    4   17     0
610    66    7    4   17     0
611    66    11    4   17     0
612    66    12    4   17     0
613    67    6    2   37     0
614    67    7    2   37     0
615    67    11    2   37     0
616    67    12    2   37     0
617    68    6    8   36     0
618    68    7    9   24     0
619    68    11    9   24     0
620    68    12    8   36     0
621    69    6    9   24     0
622    69    7    8   36     0
623    69    11    8   36     0
624    69    12    1   26     0
625    58    20    9   24     0
626    58    21    9   24     0
627    58    25    9   24     0
628    58    26    9   24     0
629    59    20    7   8     0
630    59    21    7   8     0
631    59    25    7   8     0
632    59    26    7   8     0
633    60    20    7   13     0
634    60    21    7   13     0
635    60    25    7   13     0
636    60    26    7   13     0
637    61    20    7   39     0
638    61    21    7   39     0
639    61    25    7   39     0
640    61    26    7   39     0
641    62    20    8   31     0
642    62    21    7   14     0
643    62    25    7   14     0
644    62    26    7   14     0
645    63    20    7   18     0
646    63    21    7   18     0
647    63    25    7   18     0
648    63    26    7   18     0
649    64    20    5   19     0
650    64    21    5   19     0
651    64    25    5   19     0
652    64    26    5   19     0
653    65    20    4   16     0
654    65    21    4   16     0
655    65    25    4   16     0
656    65    26    4   16     0
657    66    20    4   17     0
658    66    21    4   17     0
659    66    25    4   17     0
660    66    26    4   17     0
661    67    20    2   37     0
662    67    21    2   37     0
663    67    25    2   25     0
664    67    26    2   25     0
665    68    20    2   25     0
666    68    21    2   25     0
667    68    25    7   39     0
668    68    26    1   26     0
669    69    20    1   26     0
670    69    21    1   26     0
671    69    25    1   26     0
672    69    26    1   26     0
673    58    34    9   24     0
674    58    35    9   24     0
675    58    39    9   24     0
676    58    40    9   24     0
677    59    34    7   8     0
678    59    35    7   8     0
679    59    39    7   8     0
680    59    40    7   8     0
681    60    34    7   13     0
682    60    35    7   13     0
683    60    39    7   13     0
684    60    40    7   13     0
685    61    34    7   39     0
686    61    35    7   39     0
687    61    39    7   39     0
688    61    40    8   31     0
689    62    34    7   14     0
690    62    35    7   14     0
691    62    39    7   14     0
692    62    40    7   14     0
693    63    34    7   18     0
694    63    35    7   18     0
695    63    39    7   18     0
696    63    40    7   18     0
697    64    34    5   2     0
698    64    35    5   2     0
699    64    39    5   2     0
700    64    40    5   2     0
701    65    34    4   16     0
702    65    35    4   16     0
703    65    39    4   16     0
704    65    40    4   16     0
705    66    34    4   17     0
706    66    35    4   17     0
707    66    39    4   17     0
708    66    40    4   17     0
709    67    34    2   37     0
710    67    35    2   37     0
711    67    39    2   25     0
712    67    40    2   25     0
713    68    34    1   26     0
714    68    35    1   26     0
715    68    39    1   26     0
716    68    40    1   26     0
717    69    34    1   26     0
718    69    35    1   26     0
719    69    39    1   26     0
720    69    40    1   26     0
721    58    48    9   24     0
722    58    49    9   24     0
723    58    53    9   24     0
724    58    54    9   24     0
725    59    48    7   8     0
726    59    49    7   8     0
727    59    53    7   8     0
728    59    54    7   8     0
729    60    48    7   13     0
730    60    49    7   13     0
731    60    53    7   39     0
732    60    54    7   39     0
733    61    48    8   31     0
734    61    49    8   31     0
735    61    53    8   31     0
736    61    54    8   31     0
737    62    48    7   14     0
738    62    49    7   14     0
739    62    53    7   14     0
740    62    54    7   14     0
741    63    48    7   18     0
742    63    49    5   19     0
743    63    53    5   19     0
744    63    54    5   19     0
745    64    48    5   2     0
746    64    49    5   2     0
747    64    53    5   2     0
748    64    54    5   2     0
749    65    48    4   16     0
750    65    49    4   16     0
751    65    53    4   16     0
752    65    54    4   16     0
753    66    48    4   17     0
754    66    49    2   37     0
755    66    53    2   37     0
756    66    54    2   37     0
757    67    48    2   25     0
758    67    49    2   25     0
759    67    53    2   25     0
760    67    54    5   19     0
761    68    48    1   26     0
762    68    49    1   26     0
763    68    53    1   26     0
764    68    54    1   26     0
765    69    48    7   14     0
766    69    49    7   18     0
767    69    53    5   19     0
768    69    54    4   17     0
769    58    62    7   8     0
770    58    63    7   8     0
771    58    67    7   8     0
772    58    68    7   8     0
773    59    62    7   13     0
774    59    63    7   13     0
775    59    67    7   13     0
776    59    68    7   13     0
777    60    62    7   39     0
778    60    63    7   39     0
779    60    67    7   39     0
780    60    68    7   39     0
781    61    62    8   31     0
782    61    63    8   31     0
783    61    67    8   31     0
784    61    68    8   31     0
785    62    62    7   14     0
786    62    63    7   14     0
787    62    67    7   14     0
788    62    68    7   14     0
789    63    62    5   19     0
790    63    63    5   19     0
791    63    67    5   19     0
792    63    68    5   19     0
793    64    62    5   2     0
794    64    63    5   2     0
795    64    67    5   2     0
796    64    68    5   2     0
797    65    62    4   16     0
798    65    63    4   16     0
799    65    67    4   16     0
800    65    68    4   17     0
801    66    62    4   16     0
802    66    63    4   16     0
803    66    67    4   16     0
804    66    68    2   37     0
805    67    62    2   25     0
806    67    63    2   25     0
807    67    67    2   25     0
808    67    68    2   25     0
809    68    62    5   2     0
810    68    63    5   2     0
811    68    67    5   2     0
812    68    68    5   2     0
813    69    62    4   17     0
814    69    63    4   17     0
815    69    67    5   2     0
816    69    68    2   25     0
817    58    76    7   8     0
818    58    77    7   8     0
819    58    81    7   8     0
820    58    82    7   8     0
821    59    76    7   13     0
822    59    77    7   13     0
823    59    81    7   13     0
824    59    82    7   13     0
825    60    76    7   39     0
826    60    77    7   39     0
827    60    81    7   39     0
828    60    82    7   39     0
829    61    76    8   31     0
830    61    77    8   31     0
831    61    81    8   31     0
832    61    82    8   31     0
833    62    76    7   14     0
834    62    77    7   14     0
835    62    81    7   18     0
836    62    82    7   18     0
837    63    76    5   19     0
838    63    77    5   19     0
839    63    81    5   19     0
840    63    82    5   19     0
841    64    76    5   2     0
842    64    77    5   2     0
843    64    81    5   2     0
844    64    82    4   16     0
845    65    76    4   17     0
846    65    77    4   17     0
847    65    81    4   17     0
848    65    82    4   17     0
849    66    76    2   37     0
850    66    77    2   37     0
851    66    81    2   37     0
852    66    82    2   37     0
853    67    76    2   25     0
854    67    77    2   37     0
855    67    81    2   37     0
856    67    82    2   37     0
857    68    76    1   26     0
858    68    77    1   26     0
859    68    81    1   26     0
860    68    82    1   26     0
861    69    76    2   25     0
862    69    77    2   37     0
863    69    81    2   25     0
864    69    82    1   26     0
865    77    6    1   26     0
866    77    7    1   26     0
867    77    11    1   26     0
868    77    12    1   26     0
869    78    6    2   25     0
870    78    7    2   25     0
871    78    11    2   25     0
872    78    12    2   25     0
873    79    6    2   37     0
874    79    7    2   37     0
875    79    11    2   37     0
876    79    12    2   37     0
877    80    6    4   17     0
878    80    7    4   17     0
879    80    11    4   17     0
880    80    12    4   17     0
881    81    6    4   16     0
882    81    7    4   16     0
883    81    11    4   16     0
884    81    12    4   16     0
885    82    6    5   19     0
886    82    7    5   19     0
887    82    11    5   19     0
888    82    12    5   19     0
889    83    6    7   18     0
890    83    7    7   18     0
891    83    11    7   18     0
892    83    12    7   18     0
893    84    6    8   31     0
894    84    7    8   31     0
895    84    11    8   31     0
896    84    12    8   31     0
897    85    6    7   39     0
898    85    7    7   39     0
899    85    11    7   39     0
900    85    12    7   39     0
901    86    6    7   13     0
902    86    7    7   13     0
903    86    11    7   13     0
904    86    12    7   13     0
905    87    6    7   8     0
906    87    7    7   8     0
907    87    11    7   8     0
908    87    12    7   8     0
909    88    6    9   24     0
910    88    7    9   24     0
911    88    11    9   24     0
912    88    12    9   24     0
913    77    20    1   26     0
914    77    21    2   25     0
915    77    25    2   25     0
916    77    26    2   25     0
917    78    20    2   37     0
918    78    21    2   37     0
919    78    25    2   37     0
920    78    26    1   26     0
921    79    20    2   37     0
922    79    21    2   37     0
923    79    25    2   25     0
924    79    26    2   25     0
925    80    20    4   17     0
926    80    21    4   17     0
927    80    25    4   17     0
928    80    26    4   17     0
929    81    20    4   16     0
930    81    21    4   16     0
931    81    25    4   16     0
932    81    26    4   16     0
933    82    20    5   19     0
934    82    21    5   19     0
935    82    25    5   19     0
936    82    26    5   19     0
937    83    20    7   18     0
938    83    21    7   18     0
939    83    25    7   18     0
940    83    26    7   18     0
941    84    20    7   14     0
942    84    21    7   14     0
943    84    25    7   14     0
944    84    26    7   14     0
945    85    20    7   39     0
946    85    21    7   39     0
947    85    25    7   39     0
948    85    26    7   39     0
949    86    20    7   13     0
950    86    21    7   13     0
951    86    25    7   13     0
952    86    26    7   13     0
953    87    20    7   8     0
954    87    21    7   8     0
955    87    25    7   8     0
956    87    26    7   8     0
957    88    20    9   24     0
958    88    21    9   24     0
959    88    25    9   24     0
960    88    26    9   24     0
961    77    34    5   2     0
962    77    35    5   2     0
963    77    39    5   2     0
964    77    40    4   17     0
965    78    34    4   16     0
966    78    35    4   17     0
967    78    39    4   17     0
968    78    40    1   26     0
969    79    34    2   25     0
970    79    35    2   25     0
971    79    39    2   25     0
972    79    40    2   25     0
973    80    34    4   17     0
974    80    35    4   17     0
975    80    39    4   17     0
976    80    40    4   17     0
977    81    34    4   16     0
978    81    35    4   16     0
979    81    39    4   16     0
980    81    40    4   16     0
981    82    34    5   19     0
982    82    35    5   2     0
983    82    39    5   2     0
984    82    40    5   2     0
985    83    34    7   18     0
986    83    35    7   18     0
987    83    39    7   18     0
988    83    40    7   18     0
989    84    34    7   14     0
990    84    35    7   14     0
991    84    39    7   14     0
992    84    40    7   14     0
993    85    34    7   39     0
994    85    35    7   39     0
995    85    39    7   39     0
996    85    40    8   31     0
997    86    34    7   13     0
998    86    35    7   13     0
999    86    39    7   13     0
1000    86    40    7   13     0
1001    87    34    7   8     0
1002    87    35    7   8     0
1003    87    39    7   8     0
1004    87    40    7   8     0
1005    88    34    9   24     0
1006    88    35    9   24     0
1007    88    39    9   24     0
1008    88    40    9   24     0
1009    77    48    1   26     0
1010    77    49    7   18     0
1011    77    53    7   18     0
1012    77    54    7   18     0
1013    78    48    1   26     0
1014    78    49    1   26     0
1015    78    53    1   26     0
1016    78    54    1   26     0
1017    79    48    2   25     0
1018    79    49    2   25     0
1019    79    53    2   25     0
1020    79    54    5   19     0
1021    80    48    4   17     0
1022    80    49    2   37     0
1023    80    53    2   37     0
1024    80    54    2   37     0
1025    81    48    4   16     0
1026    81    49    4   16     0
1027    81    53    4   16     0
1028    81    54    4   16     0
1029    82    48    5   2     0
1030    82    49    5   2     0
1031    82    53    5   2     0
1032    82    54    5   2     0
1033    83    48    7   18     0
1034    83    49    5   19     0
1035    83    53    5   19     0
1036    83    54    5   19     0
1037    84    48    7   14     0
1038    84    49    7   14     0
1039    84    53    7   14     0
1040    84    54    7   14     0
1041    85    48    8   31     0
1042    85    49    8   31     0
1043    85    53    8   31     0
1044    85    54    8   31     0
1045    86    48    7   13     0
1046    86    49    7   39     0
1047    86    53    7   39     0
1048    86    54    7   39     0
1049    87    48    7   8     0
1050    87    49    7   8     0
1051    87    53    7   8     0
1052    87    54    7   13     0
1053    88    48    9   24     0
1054    88    49    9   24     0
1055    88    53    9   24     0
1056    88    54    9   24     0
1057    77    62    8   31     0
1058    77    63    8   31     0
1059    77    67    7   14     0
1060    77    68    7   14     0
1061    78    62    1   26     0
1062    78    63    1   26     0
1063    78    67    1   26     0
1064    78    68    1   26     0
1065    79    62    2   25     0
1066    79    63    2   25     0
1067    79    67    2   25     0
1068    79    68    2   25     0
1069    80    62    2   37     0
1070    80    63    2   37     0
1071    80    67    2   37     0
1072    80    68    2   37     0
1073    81    62    4   16     0
1074    81    63    4   16     0
1075    81    67    4   16     0
1076    81    68    4   17     0
1077    82    62    5   2     0
1078    82    63    5   2     0
1079    82    67    5   2     0
1080    82    68    5   2     0
1081    83    62    5   19     0
1082    83    63    5   19     0
1083    83    67    5   19     0
1084    83    68    5   19     0
1085    84    62    7   14     0
1086    84    63    7   14     0
1087    84    67    7   14     0
1088    84    68    7   14     0
1089    85    62    8   31     0
1090    85    63    8   31     0
1091    85    67    8   31     0
1092    85    68    8   31     0
1093    86    62    7   39     0
1094    86    63    7   39     0
1095    86    67    7   39     0
1096    86    68    7   39     0
1097    87    62    7   13     0
1098    87    63    7   13     0
1099    87    67    7   13     0
1100    87    68    7   13     0
1101    88    62    7   8     0
1102    88    63    7   8     0
1103    88    67    7   8     0
1104    88    68    7   8     0
1105    77    76    1   26     0
1106    77    77    1   26     0
1107    77    81    7   13     0
1108    77    82    7   13     0
1109    78    76    1   26     0
1110    78    77    1   26     0
1111    78    81    1   26     0
1112    78    82    1   26     0
1113    79    76    2   25     0
1114    79    77    2   25     0
1115    79    81    2   25     0
1116    79    82    2   25     0
1117    80    76    2   37     0
1118    80    77    2   37     0
1119    80    81    2   37     0
1120    80    82    2   37     0
1121    81    76    4   17     0
1122    81    77    4   17     0
1123    81    81    4   17     0
1124    81    82    4   17     0
1125    82    76    5   2     0
1126    82    77    5   2     0
1127    82    81    4   16     0
1128    82    82    4   16     0
1129    83    76    5   19     0
1130    83    77    5   19     0
1131    83    81    5   19     0
1132    83    82    5   19     0
1133    84    76    7   14     0
1134    84    77    7   18     0
1135    84    81    7   18     0
1136    84    82    7   18     0
1137    85    76    8   31     0
1138    85    77    8   31     0
1139    85    81    8   31     0
1140    85    82    8   31     0
1141    86    76    7   39     0
1142    86    77    7   39     0
1143    86    81    7   39     0
1144    86    82    7   39     0
1145    87    76    7   13     0
1146    87    77    7   13     0
1147    87    81    7   13     0
1148    87    82    7   13     0
1149    88    76    7   8     0
1150    88    77    7   8     0
1151    88    81    7   8     0
1152    88    82    7   8     0
1153    96    6    8   36     0
1154    96    7    8   36     0
1155    96    11    8   36     0
1156    96    12    8   36     0
1157    97    6    8   36     0
1158    97    7    8   36     0
1159    97    11    8   36     0
1160    97    12    8   36     0
1161    98    6    8   40     0
1162    98    7    8   40     0
1163    98    11    8   40     0
1164    98    12    8   40     0
1165    99    6    10   10     0
1166    99    7    10   10     0
1167    99    11    10   10     0
1168    99    12    10   20     0
1169    100    6    9   33     0
1170    100    7    9   33     0
1171    100    11    9   33     0
1172    100    12    9   33     0
1173    101    6    7   12     0
1174    101    7    7   12     0
1175    101    11    7   12     0
1176    101    12    7   12     0
1177    102    6    13   11     0
1178    102    7    12   11     0
1179    102    11    7   12     0
1180    102    12    7   12     0
1181    103    6    12   15     0
1182    103    7    12   15     0
1183    103    11    12   15     0
1184    103    12    12   15     0
1185    104    6    12   29     0
1186    104    7    11   30     0
1187    104    11    11   30     0
1188    104    12    11   30     0
1189    105    6    12   3     0
1190    105    7    12   3     0
1191    105    11    12   3     0
1192    105    12    12   3     0
1193    106    6    11   38     0
1194    106    7    16   27     0
1195    106    11    16   27     0
1196    106    12    16   27     0
1197    107    6    16   21     0
1198    107    7    16   21     0
1199    107    11    16   21     0
1200    107    12    16   21     0
1201    96    20    10   20     0
1202    96    21    10   20     0
1203    96    25    10   20     0
1204    96    26    8   40     0
1205    97    20    8   36     0
1206    97    21    8   36     0
1207    97    25    8   40     0
1208    97    26    8   40     0
1209    98    20    8   40     0
1210    98    21    8   40     0
1211    98    25    10   20     0
1212    98    26    8   40     0
1213    99    20    10   20     0
1214    99    21    10   20     0
1215    99    25    10   20     0
1216    99    26    10   20     0
1217    100    20    9   33     0
1218    100    21    9   33     0
1219    100    25    10   10     0
1220    100    26    10   10     0
1221    101    20    7   12     0
1222    101    21    7   12     0
1223    101    25    7   12     0
1224    101    26    9   33     0
1225    102    20    7   12     0
1226    102    21    7   12     0
1227    102    25    7   12     0
1228    102    26    7   12     0
1229    103    20    12   15     0
1230    103    21    12   15     0
1231    103    25    12   15     0
1232    103    26    12   15     0
1233    104    20    11   30     0
1234    104    21    11   30     0
1235    104    25    11   30     0
1236    104    26    11   30     0
1237    105    20    12   3     0
1238    105    21    12   3     0
1239    105    25    12   3     0
1240    105    26    12   3     0
1241    106    20    16   27     0
1242    106    21    16   27     0
1243    106    25    16   27     0
1244    106    26    16   27     0
1245    107    20    16   21     0
1246    107    21    16   21     0
1247    107    25    11   38     0
1248    107    26    11   38     0
1249    96    34    9   33     0
1250    96    35    9   33     0
1251    96    39    9   33     0
1252    96    40    9   33     0
1253    97    34    8   36     0
1254    97    35    8   36     0
1255    97    39    8   36     0
1256    97    40    8   36     0
1257    98    34    8   40     0
1258    98    35    8   40     0
1259    98    39    8   40     0
1260    98    40    8   40     0
1261    99    34    10   20     0
1262    99    35    10   20     0
1263    99    39    10   20     0
1264    99    40    10   20     0
1265    100    34    10   10     0
1266    100    35    10   10     0
1267    100    39    10   10     0
1268    100    40    10   10     0
1269    101    34    9   33     0
1270    101    35    9   33     0
1271    101    39    9   33     0
1272    101    40    9   33     0
1273    102    34    7   12     0
1274    102    35    7   12     0
1275    102    39    7   12     0
1276    102    40    7   12     0
1277    103    34    12   15     0
1278    103    35    12   15     0
1279    103    39    12   15     0
1280    103    40    12   15     0
1281    104    34    11   30     0
1282    104    35    11   30     0
1283    104    39    11   30     0
1284    104    40    11   30     0
1285    105    34    12   29     0
1286    105    35    12   29     0
1287    105    39    12   29     0
1288    105    40    12   29     0
1289    106    34    16   27     0
1290    106    35    16   27     0
1291    106    39    16   27     0
1292    106    40    16   27     0
1293    107    34    11   38     0
1294    107    35    11   38     0
1295    107    39    11   38     0
1296    107    40    11   38     0
1297    96    48    8   36     0
1298    96    49    8   36     0
1299    96    53    8   36     0
1300    96    54    7   12     0
1301    97    48    8   36     0
1302    97    49    8   36     0
1303    97    53    8   36     0
1304    97    54    8   36     0
1305    98    48    8   40     0
1306    98    49    8   40     0
1307    98    53    8   40     0
1308    98    54    8   40     0
1309    99    48    13   11     0
1310    99    49    13   11     0
1311    99    53    10   20     0
1312    99    54    10   20     0
1313    100    48    10   10     0
1314    100    49    10   10     0
1315    100    53    13   11     0
1316    100    54    10   10     0
1317    101    48    9   33     0
1318    101    49    9   33     0
1319    101    53    9   33     0
1320    101    54    13   11     0
1321    102    48    7   12     0
1322    102    49    7   12     0
1323    102    53    7   12     0
1324    102    54    7   12     0
1325    103    48    12   15     0
1326    103    49    13   11     0
1327    103    53    13   11     0
1328    103    54    13   11     0
1329    104    48    11   30     0
1330    104    49    11   30     0
1331    104    53    11   30     0
1332    104    54    11   30     0
1333    105    48    12   29     0
1334    105    49    12   29     0
1335    105    53    12   29     0
1336    105    54    12   29     0
1337    106    48    16   27     0
1338    106    49    16   27     0
1339    106    53    16   27     0
1340    106    54    16   27     0
1341    107    48    11   38     0
1342    107    49    11   38     0
1343    107    53    11   38     0
1344    107    54    11   38     0
1345    96    62    11   30     0
1346    96    63    12   15     0
1347    96    67    11   30     0
1348    96    68    11   30     0
1349    97    62    12   29     0
1350    97    63    12   29     0
1351    97    67    12   29     0
1352    97    68    12   29     0
1353    98    62    8   40     0
1354    98    63    8   40     0
1355    98    67    8   40     0
1356    98    68    8   40     0
1357    99    62    10   20     0
1358    99    63    10   20     0
1359    99    67    10   20     0
1360    99    68    10   20     0
1361    100    62    10   10     0
1362    100    63    10   10     0
1363    100    67    10   10     0
1364    100    68    10   10     0
1365    101    62    9   33     0
1366    101    63    9   33     0
1367    101    67    9   33     0
1368    101    68    9   33     0
1369    102    62    7   12     0
1370    102    63    7   12     0
1371    102    67    7   12     0
1372    102    68    7   12     0
1373    103    62    13   11     0
1374    103    63    13   11     0
1375    103    67    13   11     0
1376    103    68    13   11     0
1377    104    62    11   30     0
1378    104    63    12   15     0
1379    104    67    12   15     0
1380    104    68    12   15     0
1381    105    62    12   29     0
1382    105    63    12   29     0
1383    105    67    12   29     0
1384    105    68    12   29     0
1385    106    62    12   3     0
1386    106    63    12   3     0
1387    106    67    12   3     0
1388    106    68    12   3     0
1389    107    62    11   38     0
1390    107    63    11   38     0
1391    107    67    11   38     0
1392    107    68    11   38     0
1393    96    76    12   3     0
1394    96    77    16   27     0
1395    96    81    16   27     0
1396    96    82    16   27     0
1397    97    76    8   36     0
1398    97    77    12   3     0
1399    97    81    12   3     0
1400    97    82    12   3     0
1401    98    76    8   36     0
1402    98    77    8   36     0
1403    98    81    8   36     0
1404    98    82    8   36     0
1405    99    76    10   20     0
1406    99    77    10   20     0
1407    99    81    8   40     0
1408    99    82    8   40     0
1409    100    76    10   10     0
1410    100    77    10   10     0
1411    100    81    10   10     0
1412    100    82    10   10     0
1413    101    76    9   33     0
1414    101    77    9   33     0
1415    101    81    9   33     0
1416    101    82    9   33     0
1417    102    76    7   12     0
1418    102    77    7   12     0
1419    102    81    7   12     0
1420    102    82    7   12     0
1421    103    76    13   11     0
1422    103    77    13   11     0
1423    103    81    13   11     0
1424    103    82    13   11     0
1425    104    76    12   15     0
1426    104    77    12   15     0
1427    104    81    12   15     0
1428    104    82    12   15     0
1429    105    76    12   29     0
1430    105    77    12   29     0
1431    105    81    12   29     0
1432    105    82    12   29     0
1433    106    76    12   3     0
1434    106    77    12   3     0
1435    106    81    12   3     0
1436    106    82    12   3     0
1437    107    76    11   38     0
1438    107    77    11   38     0
1439    107    81    11   38     0
1440    107    82    11   38     0
1441    115    6    16   21     0
1442    115    7    16   21     0
1443    115    11    16   21     0
1444    115    12    16   21     0
1445    116    6    16   21     0
1446    116    7    16   21     0
1447    116    11    16   21     0
1448    116    12    16   21     0
1449    117    6    13   1     0
1450    117    7    13   1     0
1451    117    11    13   1     0
1452    117    12    13   1     0
1453    118    6    12   4     0
1454    118    7    12   4     0
1455    118    11    12   4     0
1456    118    12    12   4     0
1457    119    6    13   32     0
1458    119    7    13   32     0
1459    119    11    13   32     0
1460    119    12    13   32     0
1461    120    6    18   28     0
1462    120    7    18   28     0
1463    120    11    18   28     0
1464    120    12    18   28     0
1465    121    6    12   23     0
1466    121    7    12   23     0
1467    121    11    12   23     0
1468    121    12    12   23     0
1469    122    6    16   35     0
1470    122    7    16   35     0
1471    122    11    16   35     0
1472    122    12    16   35     0
1473    123    6    13   5     0
1474    123    7    13   5     0
1475    123    11    13   5     0
1476    123    12    13   5     0
1477    124    6    14   22     0
1478    124    7    14   22     0
1479    124    11    14   22     0
1480    124    12    14   22     0
1481    125    6    19   7     0
1482    125    7    19   7     0
1483    125    11    19   7     0
1484    125    12    19   7     0
1485    126    6    19   6     0
1486    126    7    19   6     0
1487    126    11    19   6     0
1488    126    12    19   6     0
1489    115    20    16   21     0
1490    115    21    16   21     0
1491    115    25    16   21     0
1492    115    26    16   21     0
1493    116    20    13   9     0
1494    116    21    16   21     0
1495    116    25    13   9     0
1496    116    26    13   9     0
1497    117    20    13   1     0
1498    117    21    13   1     0
1499    117    25    13   1     0
1500    117    26    13   1     0
1501    118    20    12   4     0
1502    118    21    12   4     0
1503    118    25    12   4     0
1504    118    26    12   4     0
1505    119    20    13   32     0
1506    119    21    13   32     0
1507    119    25    13   32     0
1508    119    26    13   32     0
1509    120    20    18   28     0
1510    120    21    18   28     0
1511    120    25    18   28     0
1512    120    26    18   28     0
1513    121    20    12   23     0
1514    121    21    12   23     0
1515    121    25    12   23     0
1516    121    26    12   23     0
1517    122    20    16   35     0
1518    122    21    16   35     0
1519    122    25    16   35     0
1520    122    26    16   35     0
1521    123    20    13   5     0
1522    123    21    13   5     0
1523    123    25    13   5     0
1524    123    26    13   5     0
1525    124    20    14   22     0
1526    124    21    14   22     0
1527    124    25    14   22     0
1528    124    26    14   22     0
1529    125    20    19   7     0
1530    125    21    19   7     0
1531    125    25    19   7     0
1532    125    26    19   7     0
1533    126    20    19   6     0
1534    126    21    19   6     0
1535    126    25    19   6     0
1536    126    26    19   6     0
1537    115    34    16   34     0
1538    115    35    16   34     0
1539    115    39    16   34     0
1540    115    40    16   34     0
1541    116    34    13   9     0
1542    116    35    13   32     0
1543    116    39    13   9     0
1544    116    40    13   9     0
1545    117    34    13   1     0
1546    117    35    13   1     0
1547    117    39    13   1     0
1548    117    40    13   1     0
1549    118    34    12   4     0
1550    118    35    12   4     0
1551    118    39    13   32     0
1552    118    40    13   32     0
1553    119    34    13   32     0
1554    119    35    13   32     0
1555    119    39    13   32     0
1556    119    40    13   32     0
1557    120    34    18   28     0
1558    120    35    18   28     0
1559    120    39    16   34     0
1560    120    40    16   34     0
1561    121    34    12   23     0
1562    121    35    12   23     0
1563    121    39    12   23     0
1564    121    40    12   23     0
1565    122    34    16   35     0
1566    122    35    16   35     0
1567    122    39    16   35     0
1568    122    40    16   35     0
1569    123    34    13   5     0
1570    123    35    13   5     0
1571    123    39    13   5     0
1572    123    40    13   5     0
1573    124    34    14   22     0
1574    124    35    14   22     0
1575    124    39    14   22     0
1576    124    40    14   22     0
1577    125    34    19   7     0
1578    125    35    19   7     0
1579    125    39    19   7     0
1580    125    40    19   7     0
1581    126    34    19   6     0
1582    126    35    19   6     0
1583    126    39    19   6     0
1584    126    40    19   6     0
1585    115    48    16   21     0
1586    115    49    16   21     0
1587    115    53    12   23     0
1588    115    54    12   23     0
1589    116    48    13   9     0
1590    116    49    13   9     0
1591    116    53    12   23     0
1592    116    54    13   9     0
1593    117    48    13   1     0
1594    117    49    13   1     0
1595    117    53    13   1     0
1596    117    54    13   1     0
1597    118    48    12   4     0
1598    118    49    12   4     0
1599    118    53    12   4     0
1600    118    54    12   4     0
1601    119    48    13   32     0
1602    119    49    13   32     0
1603    119    53    13   32     0
1604    119    54    13   32     0
1605    120    48    16   34     0
1606    120    49    16   34     0
1607    120    53    16   34     0
1608    120    54    16   34     0
1609    121    48    12   23     0
1610    121    49    12   23     0
1611    121    53    12   23     0
1612    121    54    12   23     0
1613    122    48    16   35     0
1614    122    49    16   35     0
1615    122    53    16   35     0
1616    122    54    16   35     0
1617    123    48    13   5     0
1618    123    49    13   5     0
1619    123    53    13   5     0
1620    123    54    13   5     0
1621    124    48    14   22     0
1622    124    49    14   22     0
1623    124    53    14   22     0
1624    124    54    14   22     0
1625    125    48    19   7     0
1626    125    49    19   7     0
1627    125    53    19   7     0
1628    125    54    19   7     0
1629    126    48    19   6     0
1630    126    49    19   6     0
1631    126    53    19   6     0
1632    126    54    19   6     0
1633    115    62    13   5     0
1634    115    63    13   5     0
1635    115    67    13   5     0
1636    115    68    16   35     0
1637    116    62    13   9     0
1638    116    63    13   9     0
1639    116    67    13   9     0
1640    116    68    16   35     0
1641    117    62    13   1     0
1642    117    63    13   1     0
1643    117    67    13   1     0
1644    117    68    13   9     0
1645    118    62    12   4     0
1646    118    63    12   4     0
1647    118    67    12   4     0
1648    118    68    12   4     0
1649    119    62    13   32     0
1650    119    63    13   32     0
1651    119    67    13   32     0
1652    119    68    13   32     0
1653    120    62    16   34     0
1654    120    63    16   34     0
1655    120    67    16   34     0
1656    120    68    16   34     0
1657    121    62    18   28     0
1658    121    63    18   28     0
1659    121    67    18   28     0
1660    121    68    18   28     0
1661    122    62    12   23     0
1662    122    63    12   23     0
1663    122    67    12   23     0
1664    122    68    12   23     0
1665    123    62    13   5     0
1666    123    63    13   5     0
1667    123    67    13   5     0
1668    123    68    13   5     0
1669    124    62    14   22     0
1670    124    63    14   22     0
1671    124    67    14   22     0
1672    124    68    14   22     0
1673    125    62    19   7     0
1674    125    63    19   7     0
1675    125    67    14   22     0
1676    125    68    14   22     0
1677    126    62    19   6     0
1678    126    63    19   6     0
1679    126    67    19   6     0
1680    126    68    19   6     0
1681    115    76    19   7     0
1682    115    77    19   7     0
1683    115    81    14   22     0
1684    115    82    19   7     0
1685    116    76    13   9     0
1686    116    77    13   9     0
1687    116    81    14   22     0
1688    116    82    16   21     0
1689    117    76    13   9     0
1690    117    77    13   9     0
1691    117    81    13   9     0
1692    117    82    13   9     0
1693    118    76    12   4     0
1694    118    77    13   1     0
1695    118    81    13   1     0
1696    118    82    13   1     0
1697    119    76    12   4     0
1698    119    77    12   4     0
1699    119    81    12   4     0
1700    119    82    12   4     0
1701    120    76    16   34     0
1702    120    77    16   34     0
1703    120    81    16   34     0
1704    120    82    16   34     0
1705    121    76    18   28     0
1706    121    77    18   28     0
1707    121    81    18   28     0
1708    121    82    18   28     0
1709    122    76    12   23     0
1710    122    77    12   23     0
1711    122    81    12   23     0
1712    122    82    12   23     0
1713    123    76    13   5     0
1714    123    77    13   5     0
1715    123    81    16   35     0
1716    123    82    16   35     0
1717    124    76    14   22     0
1718    124    77    13   5     0
1719    124    81    13   5     0
1720    124    82    13   5     0
1721    125    76    14   22     0
1722    125    77    14   22     0
1723    125    81    14   22     0
1724    125    82    14   22     0
1725    126    76    19   6     0
1726    126    77    19   6     0
1727    126    81    19   6     0
1728    126    82    19   6     0
